=== New session: 2025-08-23 12:06:39 ===
Episode,Distance,Reward,Steps
14.624422490216539,-4909.934649253337,1000
21.650571048288086,-4629.436398479455,1000
12.44589723748573,-4318.055173313909,1000
31.910955207956352,-5290.49688501573,1000
22.9325667674224,-4901.369762954898,1000
19.98841553883645,-4231.308115316642,1000
40.984282815988536,-5287.648641786531,1000
18.075618609682504,-4353.529872950972,1000
30.188233900451163,-5071.811368267962,1000
13.354984640793413,-5241.751241760119,1000
30.541693232914856,-5462.486583221108,1000
28.579525338659202,-5294.207833556081,1000
40.46595695231461,-4403.855530016948,1000
7.843317666562764,-3871.688849101678,1000
37.21458741390277,-4929.704735825277,1000
2.998440306287661,-713.204923141134,417
24.61170789214864,-5197.652878383093,1000
21.989566228122477,-4978.104070964725,1000
31.57500464534143,-4827.2157258209745,1000
9.263184607005877,-4753.637440417146,1000
34.61379883350605,-5203.152052997042,1000
25.5418267422691,-5315.661741908202,1000
16.36236505336406,-5215.618156596958,1000
12.390582978963142,-5250.991310204222,1000
26.498574621510038,-4669.158034254983,1000
19.247173791358122,-4346.096626886727,1000
27.762048570216198,-5291.084640637433,1000
38.70531971544433,-5923.030900731064,1000
12.85665776768072,-4150.714153204823,1000
12.886743636349665,-5281.472955884958,1000
23.360113085949923,-4694.191915569984,1000
27.850476721772853,-3783.8277808236217,1000
15.034026791744402,-3803.458512213034,1000
32.09363853534046,-3654.8208375352383,1000
34.183578150825596,-4476.35204941604,1000
21.070893222482926,-5313.276560460799,1000
15.24897234850134,-4849.485727185944,1000
21.955749989555443,-3786.8009704981455,1000
18.172047275454503,-5241.093158079736,1000
12.362368805816029,-4706.562159775574,1000
41.52485460365051,-4715.711543066524,1000
7.614563179008743,-3120.0468882669425,1000
25.948961845263447,-5559.560648754159,1000
39.256363393379175,-4228.245242315785,1000
21.570094675039236,-4137.434165809722,1000
28.117745471448202,-5349.933372553102,1000
31.811949019604402,-4285.108657871185,1000
36.35584450135905,-5458.704081075041,1000
31.853651021105037,-4049.8150680436215,1000
23.99489308362545,-3781.47033586596,1000
30.61162179977714,-3866.6952669254474,1000
21.356023245570395,-5288.88405971113,1000
14.608465386563276,-5700.707172372012,1000
14.082222092813016,-4492.96066208474,1000
35.70887941757281,-6162.464823776584,1000
7.369431986405532,-2910.4676365593655,1000
23.12982087697065,-4235.407735109272,1000
27.694921188229912,-5148.744300918482,1000
14.00874307295765,-3804.3704797334003,1000
30.823587404354253,-3156.322904590658,1000
22.92033131437511,-5640.644234802624,1000
20.619498821555084,-4661.9379129226645,1000
6.92518145980172,-3518.6800724924665,1000
20.6234505030539,-5804.635556532505,1000
29.882888463189648,-5968.188120705956,1000
29.520676592467446,-3839.9289990239026,1000
29.205363185031658,-3715.905954292508,1000
36.329205993801374,-4540.034916958538,1000
20.375146305490205,-5159.654252261721,1000
7.2357545951396505,-2877.66989085305,1000
25.94618212868662,-4068.895532839143,1000
27.038828885979044,-5215.208625419057,1000
34.4229249341335,-3535.3085886588487,1000
22.57490680999882,-4542.753286154899,1000
19.823649277885707,-5481.811522767545,1000
18.063267519663967,-4916.429988122473,1000
14.577708430585655,-6257.352923764214,1000
24.42034172171676,-5414.709272732753,1000
19.876980232496418,-4468.559915771758,1000
10.94233821702065,-3205.4355583019815,1000
16.893496522074564,-5876.422913970709,1000
19.67983285809477,-5345.759215582475,1000
22.80584783273931,-3347.300488091275,1000
27.05395561180957,-6062.841753903247,1000
13.384802639349681,-2830.8419735777707,1000
27.706002514525167,-5832.167893395514,1000
28.302568665098768,-4055.1763044401137,1000
26.628952720072768,-3475.449869881191,1000
12.239989048333745,-5266.111038013271,1000
14.458461109287391,-5032.792060094673,1000
34.34396673346661,-3571.9647887462456,1000
8.761158901560753,-4244.6605267526,1000
25.189350985616777,-3666.399032351644,1000
29.341987556448032,-3578.017529749561,1000
11.54357393907336,-5610.964635386977,1000
19.491244765511585,-4027.134485866114,1000
19.45343318339155,-3410.035984600906,1000
25.79300230135426,-3030.737682718879,1000
23.4146356490413,-4541.435244635213,1000
13.689284676948393,-4134.097860735325,1000
28.635298157653317,-3202.094221099933,1000
16.388919237684988,-4161.372054125134,1000
17.673223165911995,-3911.072915658801,1000
29.4155610871779,-3811.9765138760094,1000
9.679867017681216,-2598.5872951453657,1000
33.49197743173537,-2719.279103190268,1000
18.126715067953917,-4559.211276107691,1000
30.53972382307054,-6522.06307560375,1000
31.68597468926699,-3987.8604571937017,1000
21.17344105001267,-6822.084446162666,1000
24.062226017782553,-3307.341002157591,1000
26.57642082033422,-5814.266267685353,1000
13.84860108639478,-3233.775777665682,1000
22.960633353969417,-2722.66244681955,1000
11.071451325497092,-4635.419464742652,1000
28.764536422568305,-4329.802616580303,1000
8.370434758956726,-3061.688192731781,1000
11.665543451958504,-4427.413297093559,1000
27.5079469823987,-4750.18653141728,1000
11.849291361919278,-4113.705032243275,1000
19.059813405394763,-3669.3161307050436,1000
15.495563134178234,-2744.072617495497,1000
6.470274603830273,-4234.175878198133,1000
10.400685151698347,-3737.7477926624288,1000
11.264947524901572,-4289.1433195182135,1000
18.219004166919294,-3698.272688999409,1000
7.487434981294159,-2750.0280950430556,1000
27.829950764876617,-5386.458244707027,1000
21.191634554738943,-2773.869958236693,1000
13.09777262486398,-2886.5793508667066,1000
15.685330416778694,-4706.360180351507,1000
27.641802844408904,-5044.096091461816,1000
5.033856586153633,-3310.373684306731,1000
20.66761035441837,-2472.8117736173226,1000
25.195423200561176,-5477.878434558551,1000
10.000751147635523,-2594.7615334533903,1000
20.89168200751191,-2396.1812386858674,1000
16.881700024391996,-2319.4334255701838,1000
25.988393742473235,-3185.1870733060973,1000
12.607460472131244,-4879.111780142167,1000
31.132720102573415,-7394.416653413453,1000
24.371226694236157,-2116.4779732638754,1000
7.123033151648726,-3740.185347964478,1000
12.879808711203948,-3337.408163097537,1000
15.550607662419392,-3155.409021125115,1000
18.563552294536283,-3955.300324280293,1000
21.837426860435006,-4328.36087557519,1000
25.575301053838626,-4232.17551353514,1000
20.551162103773894,-2826.7138931445584,1000
13.152112512520791,-3319.2632571081826,1000
7.260893861987503,-2553.7549696582514,1000
26.310305239865,-2737.661277899034,1000
2.987082283976246,-332.8196489183125,208
19.43331667397588,-4273.0676884219265,1000
27.754558394646086,-2563.1736766318545,1000
16.66842582124709,-3664.1540040132627,1000
25.11174042595471,-2837.3019193477644,1000
8.93797955438653,-2463.839731686715,1000
36.574550339493435,-4482.844732000218,1000
2.9888925269478115,-1405.3964445904658,952
27.823661995222494,-3752.6780156927475,1000
24.549129578140935,-4457.970250377371,1000
15.065517028209712,-3463.4971570644802,1000
21.139615508457542,-4055.211283926493,1000
10.185175227420697,-3250.1772554345184,1000
33.643773921235045,-3845.050222439601,1000
18.863560357301242,-3952.977318849712,1000
17.1201066685043,-5038.593767041641,1000
15.19855501226306,-4093.0476055451577,1000
20.279086785717762,-4211.73208442682,1000
24.029406728285686,-4397.516858053983,1000
16.085948602206035,-4552.498597523927,1000
17.141632131518634,-5029.388704997986,1000
32.04989748351588,-6837.749980538559,1000
12.489120935084,-2858.5965737295437,1000
17.56062513359898,-4452.815731997008,1000
21.983126679754346,-6344.3597038582075,1000
22.72244474048972,-5303.2301812190635,1000
24.741662783344797,-3034.8530958056185,1000
14.402594425011532,-3076.0333344904734,1000
23.380858266916043,-4634.741343743177,1000
31.49996948246899,-3194.661903540331,1000
26.385230813994117,-2873.3913904919827,1000
19.263510252212356,-4943.861926020386,1000
16.533806544396956,-4372.438686663443,1000
34.124709115644734,-2891.5801073412767,1000
10.588754479581702,-3651.9042787550493,1000
19.590541280886054,-3456.7787451625486,1000
14.522445093717497,-2489.87712656977,1000
23.546966089368638,-4000.582797283555,1000
25.44414148992478,-2476.3755947526465,1000
31.824386717487716,-2617.8220790535615,1000
11.41149833022731,-4322.85404539076,1000
28.535136350820984,-5306.453935567038,1000
7.29161870579682,-2331.5054490718767,1000
18.77917665942159,-5020.884993294768,1000
20.53269371393754,-3919.6092980940884,1000
14.50578269201858,-3829.6541724048398,1000
20.645365270874326,-2607.6598775914235,1000
16.703444121176073,-4818.375296122726,1000
19.90538924831875,-5150.684293783586,1000
25.207869661656268,-3417.5678268053152,1000
34.19763022008218,-2741.0725989089956,1000
12.90617054350358,-3422.871863992019,1000
12.904766255744615,-2837.142020902935,1000
5.358693895089884,-3827.8067887265934,1000
21.590917016048795,-2876.8868855339615,1000
10.33249013013485,-4113.424963890699,1000
13.811071486777298,-4869.294773323144,1000
21.476372648991514,-4903.62213159214,1000
11.62385681599293,-3228.243847627936,1000
10.72517392891432,-3766.930940663067,1000
27.706074757510958,-3326.454712451126,1000
20.102916113093144,-4292.695777232121,1000
11.953733794858122,-3490.1453208413627,1000
14.494006901756881,-4378.126521295254,1000
25.50989254595107,-5315.463164225548,1000
29.05684085039286,-2582.8150010375516,1000
6.2037534248870045,-3030.40076278248,1000
12.553338638390388,-5134.332141861069,1000
16.144581805869127,-3902.7673451482688,1000
18.1275079134515,-2376.756651588443,1000
13.451021117592195,-4065.568982125696,1000
18.818391045124457,-4217.299939658409,1000
20.797712871324805,-4948.404112159638,1000
20.116788814572274,-4165.2134010348655,1000
16.997021951352295,-2016.2194450023944,1000
18.85899622313281,-5070.799249357861,1000
28.999636484028564,-4366.851712654969,1000
21.5928004986878,-5656.737801729939,1000
16.039835323941926,-4600.434565108752,1000
15.778123351202094,-3939.217727939032,1000
11.444502919293058,-2778.5789381314326,1000
17.361009765367054,-2395.7313977885096,1000
28.4647798825591,-2823.3062789553305,1000
17.56254241699462,-3453.083731801049,1000
13.692717766633058,-4320.989344638583,1000
13.08979420208827,-2408.5642445372946,1000
26.028375599654524,-4876.721850002537,1000
4.499028978904144,-3758.6560208415904,1000
24.02600476451008,-2740.391269514452,1000
22.76503018338589,-2660.4639441901477,1000
27.7890955282617,-2664.9702263514287,1000
15.565049332909293,-4346.949358011822,1000
13.963553117473401,-2154.17844899603,1000
16.64185552804095,-4252.94308299737,1000
23.376447385274076,-1964.5130877205384,1000
11.674130435621338,-4500.463386171836,1000
18.240739418016794,-3616.9151415158667,1000
29.551194693958845,-3612.8232251524532,1000
20.46138816806259,-2346.4984327999364,1000
18.379716254684126,-3273.91576800784,1000
9.005979242652266,-4793.558161642889,1000
24.005723985650334,-2972.2768559608644,1000
24.950560568958046,-4724.158650052969,1000
21.63311329554365,-4534.471492589384,1000
18.047126464460558,-3364.374167971098,1000
2.9972018877674977,-390.5416663527135,275
16.927037056518238,-4972.299815330578,1000
17.589397385258554,-2239.7373612121955,1000
8.227737642562515,-4422.073404361609,1000
15.17122012516448,-4612.933800088609,1000
18.912902922883593,-2277.531026662589,1000
18.855221871997447,-5273.629281916232,1000
8.165634697158495,-3931.224980457476,1000
8.788201277839647,-4088.877063526777,1000
9.838412631322715,-2951.8728974057794,1000
16.980977360166907,-5148.591135245857,1000
19.738774383516596,-2835.197689433717,1000
6.457660157320481,-2100.788149689645,1000
25.929168095164616,-5094.945527090489,1000
13.585716936311496,-4660.384638246503,1000
12.516548460732217,-5102.919261039021,1000
11.464223542650743,-3412.7338518814445,1000
22.954831028916356,-2810.2009560396605,1000
11.810375625076583,-3784.896112009916,1000
18.414383733089977,-3493.778584419365,1000
24.38432936405116,-4838.098369905605,1000
28.826207177309463,-2395.987940493119,1000
19.71075425697346,-4946.544746762741,1000
24.52105576215134,-2855.6829427981056,1000
2.0450639145704046,500.0,1
23.48734927834398,-3766.5140472750213,1000
21.199873511046206,-3265.911942572537,1000
21.14038571077428,-5367.50806055721,1000
17.924604886932364,-4585.042260347066,1000
20.00716419220348,-5705.3301324147105,1000
19.985564491765178,-4070.2379372293703,1000
24.632120052223843,-2556.395781500939,1000
20.296671363379357,-4699.018900822286,1000
19.955789424715903,-2382.212980163978,1000
18.912469697751607,-4488.3793912141155,1000
19.590281238133283,-5387.455689480424,1000
12.982834746331296,-5042.216674637147,1000
22.564875933580986,-3555.585564000618,1000
27.0266850715637,-3119.5317177067186,1000
17.147633073455722,-3961.3092827985774,1000
7.745499109571403,-2802.9546174551842,1000
26.870488521862978,-3001.233013764433,1000
11.042833893443959,-4857.459166766049,1000
12.174784515413508,-4467.543369552494,1000
21.449218758209803,-4724.318898153391,1000
9.032523201549669,-3885.375162481461,1000
11.36354243358184,-4132.8515164744085,1000
19.531186925021373,-1960.3370608895113,1000
19.728544067596363,-5067.078963202875,1000
16.968203768566823,-4361.855861934901,1000
21.913654587500083,-4774.862385298206,1000
21.606257438216996,-2021.6599051947783,1000
20.388136614193584,-2361.9404704322396,1000
18.7181354472198,-1785.4433217347537,1000
16.29927153685843,-2304.488761033682,1000
29.882942386573625,-2858.3858580860874,1000
15.765119787394186,-4128.00912118155,1000
5.982822231935449,-1783.100559278482,1000
9.706038631635897,-3286.317212756924,1000
19.976612179804828,-4009.4140912589787,1000
19.406792311548514,-3615.544734009008,1000
21.2890506033207,-3958.798693634925,1000
23.923936576770792,-5338.084917751057,1000
6.920677604900136,-4892.970960986609,1000
24.260290292910412,-4176.694261327477,1000
5.83562411601804,-5090.610408123003,1000
12.956964535018363,-3602.6887109372256,1000
16.268002583487167,-3383.8378150778376,1000
14.47702841065046,-2598.095004355186,1000
16.642248538591815,-4769.304934076093,1000
22.080206298166424,-4545.315337517881,1000
26.910257464790405,-4705.08729585733,1000
15.238918530634775,-3159.3756973662653,1000
22.244442748004655,-5202.864214092984,1000
15.252011877213318,-4376.841885458521,1000
20.039463356217933,-4676.323065557799,1000
22.796392811280025,-3871.8170233234778,1000
17.11890896246188,-3735.1819261367705,1000
11.120349806592882,-4191.3615653930465,1000
7.067919796284598,-2441.078785988744,1000
12.5881440596845,-3159.2910796786064,1000
26.89697122850237,-2212.9232755534954,1000
14.912730482660153,-2165.3425711342197,1000
20.14273937310861,-1969.9390574106546,1000
23.09761252019786,-2804.318651145503,1000
18.540978110078793,-3842.861926508653,1000
28.160908121841466,-2636.9913511326977,1000
11.268841932342692,-2955.775562371639,1000
19.033586940229448,-3657.2484048181454,1000
20.514047309022068,-3136.9074210386143,1000
17.48831435628939,-3104.1386896536806,1000
26.78750804533708,-3066.2468566174457,1000
11.342818610348214,-2737.032659850019,1000
26.09383337178835,-3657.809312919294,1000
27.09519388522121,-2532.4600714621665,1000
9.966645092405658,-2401.826997735617,1000
21.359786872112085,-4182.309908984447,1000
15.57292789346173,-3468.3555254982402,1000
5.221405937979022,-2466.8487785709117,1000
29.072170514824236,-2982.81563079746,1000
15.36004041301075,-4309.161877784929,1000
19.159334449823834,-3791.418725712349,1000
24.223849882906414,-4567.374470964655,1000
30.668345135307423,-2784.6398607326582,1000
17.160405107854658,-4755.901745213919,1000
16.33168558323498,-4547.711122524806,1000
30.94310576504695,-3354.111784560176,1000
18.561857111185123,-3612.496166652471,1000
15.567798472877527,-3183.010600268753,1000
12.20311603667157,-2195.5853135122497,1000
24.605480307527557,-2859.1267852584288,1000
2.9720629542567476,-2550.7508572732672,935
15.620420384195466,-3463.791898468286,1000
20.726645505200285,-2890.6551531440714,1000
25.221375403498087,-3986.9391116630986,1000
16.89865499381362,-4479.435195103276,1000
7.154972233615336,-3758.626572605899,1000
8.420981215194752,-4747.272063845497,1000
17.888765855031938,-3646.3624069652947,1000
9.543029046362172,-3460.4652456263266,1000
22.577844890018554,-2785.644110195648,1000
16.73913002775706,-2539.462048129719,1000
22.951239193955132,-2713.73644104095,1000
5.490600724580855,-2818.669323705287,1000
13.176702632937,-3944.1459033646674,1000
17.567477657839017,-1989.8607251985134,1000
17.70181637148878,-3923.1230824604913,1000
13.072855855254174,-3355.8455343431942,1000
13.798661661037547,-1848.5126759542982,1000
9.165416073680552,-4080.547270642294,1000
14.730997439995308,-3328.971913354304,1000
9.485262076000721,-4020.272692734676,1000
5.6995409138427195,-3514.0724016262975,1000
9.207463862209112,-2631.8193620220236,1000
26.16638239384893,-2032.9612200043803,1000
4.224140469136573,-3858.6293254164834,1000
25.138768929249444,-3511.1067568508593,1000
18.028630322972425,-3432.7815854783184,1000
9.42730574735508,-1874.7707508939693,1000
16.54839851605275,-4399.762948973623,1000
24.253348301096967,-2135.383220598006,1000
7.274940974497329,-3625.749296845032,1000
20.350167731542758,-3201.0425074368754,1000
8.305702993813322,-3092.547378940977,1000
20.61569896886185,-2923.840812874099,1000
9.988441833808942,-4418.102888711335,1000
16.487817239127406,-2473.8835005273395,1000
27.442981795807896,-2294.7703474011037,1000
20.114324738449277,-2080.3201671482416,1000
17.55369018550863,-2473.618754221928,1000
3.434743665510451,-3022.746125007246,1000
16.525684127727583,-3289.8461124194796,1000
16.513998950509425,-4035.606481039186,1000
17.175558477448366,-2168.847389485912,1000
7.7577088639157905,-4045.9821462065443,1000
18.214284894664917,-3035.13202060962,1000
19.024337494812123,-3147.339680090925,1000
23.187554272564523,-1750.6399382141767,1000
15.790456145229722,-2205.6865733300942,1000
19.389414700213095,-2667.211032587324,1000
13.886067683406239,-4111.24771803409,1000
11.070768581449833,-2411.1643738980188,1000
10.679182358231838,-3440.1518137190365,1000
15.740795374010641,-2838.6900302020667,1000
4.539904767684178,-2828.979171566304,1000
9.960312109118473,-3020.440010223757,1000
9.0440303798398,-3635.7505460816783,1000
11.78288714985513,-2896.6550994537024,1000
18.33401276626616,-4262.877944030214,1000
22.078282184509668,-3402.610567654923,1000
9.571101364925337,-2614.1942201663333,1000
14.643246784933671,-4125.383846604104,1000
5.973126679207436,-3720.987624144515,1000
6.499726036625843,-3012.082809191543,1000
17.70397196596756,-4024.0377250921974,1000
25.081563286908015,-2140.1795626769886,1000
4.65474750141412,-2285.903681533432,1000
5.872608390530391,-3353.3662004768557,1000
19.99071875299496,-3496.1989727132764,1000
5.1551105823431245,-3056.3376799849307,1000
10.786249341930057,-1781.0271516648668,1000
12.228511897875773,-4096.262808896081,1000
28.61562349934325,-5017.067423383542,1000
29.015483776728743,-3029.035867700323,1000
28.78140394840391,-2426.026424747775,1000
5.749446896349831,-3079.5197166518183,1000
7.937381194995577,-2677.80984019459,1000
6.155228328344318,-3193.7817454470423,1000
20.24493815668315,-2465.191718742997,1000
10.677950037248072,-3794.236473268735,1000
15.98564037378832,-2681.058515674976,1000
18.682714150940402,-3253.4680248140944,1000
2.985102420620187,-1438.552744444238,677
17.202383147619877,-5102.666859576894,1000
17.31466655210015,-3901.647389680313,1000
10.892994080429782,-2452.7974487291094,1000
11.395622012095167,-3357.166519747259,1000
2.99070351443528,325.5503185907852,64
6.02406594745119,-5008.554539566465,1000
13.717627381789288,-3406.4454912445967,1000
4.315008878716159,-2558.77280622374,1000
27.264230488515853,-2853.6559749905286,1000
2.992443791418351,-1445.5694615887605,751
12.434904373714607,-3169.7536534270985,1000
8.759420523386408,-4541.876657367329,1000
12.911986172391806,-3337.133970295045,1000
6.309143529009681,-1522.0388732623205,1000
18.3421660396479,-3139.884393875256,1000
19.749933593516786,-2973.314179718078,1000
21.379622388759955,-2531.899800645641,1000
13.603630236156876,-3551.0257435519798,1000
18.14596670323434,-3381.3265474657255,1000
3.442634662786275,-3347.8118634289654,1000
5.9673070535985016,-4413.576567784435,1000
17.75219219261975,-2090.918143510905,1000
10.695932899438137,-4546.567539488477,1000
20.533911770150798,-2104.6748542176438,1000
23.744569504770176,-1996.3361530181285,1000
24.920108272811454,-2557.11048261173,1000
17.818279378543593,-1906.076297664089,1000
28.028272691462945,-3048.406893871569,1000
14.27132958383663,-1934.9742072906324,1000
7.45116284813665,-2546.7286787782296,1000
7.432443201258395,-2293.983423629692,1000
15.879405328190341,-4163.203285746362,1000
5.188546078543738,-4353.8213922269215,1000
21.32293197084616,-2158.135806205298,1000
23.042680088990554,-2102.8547102224597,1000
13.348738586085673,-1871.9415435858918,1000
17.979066127701252,-3430.2344057852056,1000
34.275576194084536,-2743.6769748956604,1000
16.13076324265627,-2500.232445413884,1000
17.975464919139792,-3949.757511931798,1000
12.889221212324719,-1743.5622277238388,1000
9.75495131227271,-2453.6638181075873,1000
8.828085352249028,-2974.02374667161,1000
15.83012161809657,-2217.1649018304097,1000
18.720597507792885,-2370.8807071654714,1000
11.729406678413193,-1605.3803879356267,1000
15.531985276452358,-4021.3162640295986,1000
20.027599695061223,-4540.704282946766,1000
11.865533161633774,-3752.125175431144,1000
6.0032804373220205,-2498.180490616294,1000
6.906323708040729,-2808.9818100857983,1000
20.80959800231844,-2378.2054139122374,1000
22.187044505544442,-3483.957937299209,1000
4.798252938376616,-3428.267585304954,1000
18.000578859540866,-3388.4370926414617,1000
18.744507455370364,-2115.391691476386,1000
6.945467233306484,-2134.455411903328,1000
18.771523041213186,-4322.016390551392,1000
15.279724647881121,-4305.85105895372,1000
12.368689739007237,-3301.838781609114,1000
3.2520954039076457,-2054.1611697956473,1000
14.18129095277607,-3697.2197145521136,1000
25.87663190599381,-1879.5471832147916,1000
11.655371391810693,-3482.548107861285,1000
27.433893140672023,-2779.2369925240355,1000
17.112145986925874,-1686.2678030902546,1000
4.401100817249968,-1483.5125371872114,1000
6.479658036823228,-2326.9164730435746,1000
10.415358855952446,-3434.1568869896787,1000
23.012958757567155,-1964.205515822118,1000
15.797795020306493,-1978.947295060545,1000
9.369489605891038,-2485.1816911390742,1000
7.337564916141125,-3680.4143703707964,1000
10.8741771706818,-1819.5932251902275,1000
19.71589114477462,-3068.136480968854,1000
7.275537247430081,-1622.0593665582599,1000
3.646879798990793,-1582.399617748635,1000
5.6744676368693785,-2843.0896463669637,1000
17.891437778080583,-3860.9784744339154,1000
21.197097085481115,-2515.545196155624,1000
21.099599529985433,-2304.061331142614,1000
10.630492578935174,-2657.8868313305743,1000
16.514888094635587,-3637.811346840457,1000
13.231855879059173,-3889.453622234041,1000
2.996859451622097,-1380.516564827877,974
3.989687454783889,-2999.3159545498775,1000
23.40937455493915,-3718.468955723445,1000
23.551711359962347,-2040.548655630095,1000
11.291714531432609,-4053.5657214728362,1000
21.21611337120312,-1927.6933046655631,1000
6.784491376944861,-2520.834046050261,1000
11.650110632047358,-2983.6591502683104,1000
14.09541805161112,-2811.5464075506934,1000
2.982209915466476,-1692.6465361837845,967
15.496977091996417,-3195.7246264281193,1000
23.19906905794868,-2284.199746299546,1000
4.3388061904913835,-1980.8915882916983,1000
17.177924860859292,-3450.482040269045,1000
5.582108440443732,-2189.8525664501385,1000
5.449744589184519,-3802.4240525966743,1000
25.396477804505277,-2759.9600633255154,1000
8.096165010164519,-3169.3258702953804,1000
20.81570530833845,-3486.926580116446,1000
20.777420401625957,-1949.114274726413,1000
22.23738806269565,-3022.31748620356,1000
17.670379939589385,-2856.144120948007,1000
19.340457278375325,-1794.2602497737275,1000
4.858250669444249,-3892.9707435922646,1000
10.108998655470845,-2363.331294457182,1000
3.85835459981398,-3198.556971532236,1000
18.591034340787715,-2731.9958646443856,1000
5.903529009171232,-2850.2039403387685,1000
6.451607754347061,-4237.568608914799,1000
10.237420987699863,-2912.7166112297236,1000
18.66347632737355,-3459.7276760985646,1000
25.81324228733392,-2518.996734894697,1000
5.842236040593018,-2197.6785270975543,1000
19.69015461080288,-5402.4752744548305,1000
26.708070829014304,-2326.056182387659,1000
2.9900698132174925,-1062.9835771322305,918
3.899683461620239,-2804.1271470488887,1000
17.71244977106465,-3900.207579071645,1000
10.144953820886899,-2929.9398553211727,1000
23.822580468794424,-2560.4903458158624,1000
22.938789762324458,-3917.697705298484,1000
16.260693098848417,-4840.750563606865,1000
7.500444648931874,-3026.6756910752606,1000
26.670088778895522,-2223.72215205174,1000
16.794376084262254,-2971.223718633495,1000
6.414149722003174,-2847.1397089769066,1000
22.422998603388173,-2194.1584042648024,1000
24.121478378725165,-2716.0293927840253,1000
8.175930165608,-2964.0265434742196,1000
2.9790118618119243,-1703.2956150962755,982
17.345018275755198,-1679.5777262887248,1000
13.337263772791834,-2038.4177490107634,1000
5.554909164763073,-1583.314730271571,1000
20.779968758266246,-3534.2511486879434,1000
5.931092275044135,-4264.72307443773,1000
20.197898833258012,-2022.455178174196,1000
5.644415553053283,-1891.1045024628936,1000
7.7021460796798475,-2429.3922836538936,1000
11.476165619897024,-3110.1269390817674,1000
15.920057634776748,-1858.6752723600769,1000
12.663421814297799,-4203.94392098099,1000
26.559164059884814,-2178.197758058877,1000
27.295613289736217,-2229.4847346839397,1000
5.8845688644948275,-2509.977888690488,1000
12.28319285569922,-1995.963058087838,1000
11.328815862823376,-3001.9210762125326,1000
2.972014151209757,-744.7487467025171,848
7.087844441607509,-1694.879385246712,1000
9.932605223632699,-1893.639192400176,1000
17.41938098325728,-2085.776825904829,1000
16.09657983995883,-3510.7168845246897,1000
19.397732665907988,-1772.5029809165085,1000
16.610893104859407,-4184.578567640711,1000
3.406423620404521,-2163.972797017145,1000
9.468477627819455,-2732.7054204976725,1000
4.782479654294528,-4013.2502886489897,1000
10.75906045377358,-2949.944320425757,1000
14.066149787450358,-2912.182560159403,1000
2.9963462048106706,-286.35049140498745,352
11.254679002391853,-3822.394697058908,1000
9.198533723824942,-2809.6462814905976,1000
15.709226346870183,-4146.013719259445,1000
2.993403764870617,-1019.9975784598823,887
13.272259427363336,-4680.751400154992,1000
22.775608648245587,-2344.0249384304107,1000
15.262445212505343,-3759.2084123432132,1000
12.34723880316642,-2211.368416591056,1000
4.112996255949254,-2847.3126990249884,1000
16.264460706785506,-3262.616232257543,1000
18.942614289598616,-3749.68635835755,1000
7.65545142927641,-2623.405108543816,1000
6.435927909962342,-2207.028526930621,1000
28.206569407710244,-4547.562480349032,1000
10.008383736203506,-3533.1252949548216,1000
12.995168895484674,-3198.7198343303544,1000
12.377864228185594,-1889.6655135742851,1000
7.470564689016176,-4749.589565252402,1000
8.846168708501631,-1865.5655437766322,1000
4.5767759850971155,-4172.590681995704,1000
14.973659722569684,-2708.9343034926264,1000
9.517135488159449,-2449.46327993402,1000
13.62393728548069,-2470.915290037545,1000
17.94457506662302,-1936.685365354208,1000
6.883303998389035,-3474.247576990281,1000
12.888035069971664,-3517.7583557988546,1000
21.26181703874833,-1769.9749964933198,1000
2.984799628527235,-906.6282455477572,776
22.054624049167927,-2233.4919535314893,1000
27.489525492610554,-4733.662794445039,1000
23.42987538161693,-6405.2153113265485,1000
21.383621216561732,-4123.747457923144,1000
24.34549841422379,-2862.907925114366,1000
19.5222915174765,-2865.478378793007,1000
7.848882777241311,-3005.0118340339895,1000
13.269535405531828,-2975.7221884780806,1000
13.789694135256013,-2950.299305750414,1000
10.05079071481094,-4951.4945595133195,1000
12.280907684297583,-1971.6748136867225,1000
4.487188838374483,-2120.457446747445,1000
5.758051828582651,-2806.4207924863076,1000
10.486485482922395,-2473.524695263776,1000
10.772010198200459,-2264.8444235634474,1000
5.554114020045931,-1924.6100660011095,1000
11.203885149581682,-2715.300552365366,1000
6.8876252333187304,-3065.6652695300945,1000
16.06771193708394,-2141.0675124626146,1000
6.577488673514209,-3105.9604817851846,1000
4.434910443396109,-2046.5510490072966,1000
22.267096849016788,-3769.5328426053243,1000
2.987413333320668,-1650.1238084218799,967
15.148531397428625,-2018.51652871799,1000
8.635022397629172,-1785.7006873232663,1000
24.522681841063942,-2051.1657194038285,1000
5.305033168966027,-2914.3545943058784,1000
2.9889906799504558,-1922.1961826322713,832
13.967723779812772,-2776.4247994829984,1000
15.434802697004418,-3848.307268208069,1000
7.645849878966272,-3356.15127072423,1000
17.251610255393135,-3479.1758687215415,1000
28.630627342329248,-3159.9482673020384,1000
13.577212500308155,-3253.159885143949,1000
4.888284617661752,-3934.6893072294524,1000
15.501561538445769,-2270.1118125600083,1000
19.088749597646835,-2879.7330872223442,1000
20.857362633699385,-2561.2762278074424,1000
24.15034903766922,-3959.1421397413187,1000
13.15844098842943,-3452.755490006238,1000
20.626757617524557,-2357.3171759051306,1000
21.22996105122596,-2680.363916650958,1000
3.979221532786889,-2254.621341362928,1000
2.9857375764364757,-786.4650728232637,590
13.263627961938026,-3579.4613877192196,1000
17.65230647401947,-1960.873493309387,1000
10.705454780878972,-2805.8142743633457,1000
8.444018966864702,-2128.4592979096988,1000
7.8313763228882225,-3601.979562942253,1000
18.818314810064553,-2507.9393895286967,1000
7.527984138840872,-2770.540197474998,1000
21.35187785856401,-4143.092906317204,1000
17.251664251565998,-3000.2135614832982,1000
17.966862976286155,-2281.033502365392,1000
12.953785124455369,-2586.357946679911,1000
5.652122931306869,-3247.909138283001,1000
21.339361347206303,-2161.60731479899,1000
9.403776105696688,-2195.4338195461924,1000
6.902999321875146,-3968.8599045482642,1000
15.064124911900775,-4142.097591450193,1000
7.574713801072709,-3664.240853338573,1000
25.116620624282373,-4603.360311375931,1000
12.217843502952705,-2206.9494885112945,1000
8.37198012798622,-3494.87387013521,1000
15.983914697462163,-3030.9740920604786,1000
11.236683312509069,-1842.3292635636585,1000
7.786737644769691,-2648.2869423090524,1000
5.757762971358718,-2921.470884643912,1000
20.067691366691314,-1744.2630220120354,1000
8.292524922256334,-1875.352848941042,1000
22.59445501066907,-2182.0701146469173,1000
5.9259163066434395,-2777.7678991396037,1000
5.489008352213422,-2337.1124013435756,1000
4.271348078318171,-2512.218674492628,1000
19.592986008698404,-2341.4013099015574,1000
8.827395506830857,-3274.856071404166,1000
11.234754351004252,-2611.0800960826273,1000
16.821360972695654,-2169.5299393316377,1000
21.58445840769747,-1893.2179763398672,1000
11.58786081588187,-2189.838093861323,1000
21.835119865790663,-3781.6410394937334,1000
21.735235664588362,-3666.787406843965,1000
24.757033191552722,-2342.7534448734314,1000
7.429388152692639,-2653.850541339883,1000
19.509946545771957,-3472.2489262354534,943
26.70544369342775,-2530.9638651426085,1000
14.034209694803605,-1919.0190582063203,1000
15.605880579699734,-2207.2209456878595,1000
22.555893247292815,-4617.424391093665,1000
15.717325964620715,-3187.249217678288,1000
4.686241258901417,-3795.6581367375043,1000
11.967743349228076,-1701.1592713300122,1000
6.818970415797762,-2242.3601930592695,1000
26.852255119561704,-2053.5479085613524,1000
18.31204948090731,-2189.5696339843294,1000
10.348358687496585,-4609.301539259117,1000
17.662464489129988,-4125.92794065247,1000
9.977720576965613,-1836.945719312634,1000
20.712295892416204,-4020.8787932959076,1000
22.885020856662265,-4409.558628389309,1000
11.943143002440422,-2421.9302316282888,1000
2.9898293334465444,-1975.123324162243,978
4.795632284761209,-2070.314208726177,1000
3.7104078196737613,-2235.807826469062,1000
7.334181761792595,-2550.345401040882,1000
11.45135903601603,-3009.0916625578006,1000
3.926249074213789,-2366.930654745039,1000
5.765442634061146,-3486.6936563691283,1000
26.167389249334597,-2525.4539028643226,1000
7.444856813992251,-4034.297796831361,1000
19.18379308201719,-2111.7010325342508,1000
5.9967998743184125,-2383.147017275873,1000
4.93695178382996,-3265.1662020520102,1000
15.946581027592982,-2131.659697538956,1000
4.629742521470622,-3286.895319599389,1000
17.511621523128692,-4448.729280033899,1000
21.21227751557803,-2045.580029552116,1000
15.477403631912534,-3693.816590279887,1000
6.573218348396159,-1764.4095531331534,1000
6.410103398992744,-1755.6482518315133,1000
5.215408003761493,-2521.0262216267033,1000
23.8532908233629,-2295.8430093777188,1000
6.7677198597793735,-2920.6475571598075,1000
12.094575464162732,-1855.4477911578258,1000
9.39470735087888,-3630.0812420444563,1000
11.79330591604968,-1745.813683208544,1000
20.59730302656846,-3961.0966657930817,1000
8.929085315795188,-2594.350887559516,1000
8.541470298105013,-2048.425855970339,1000
17.257465048023324,-4799.147224495004,1000
4.855911864160862,-2271.6071912414427,1000
13.529716932842886,-2796.4245982072243,1000
24.523448434455208,-2088.729931566834,1000
13.05762321002268,-1841.3236315604654,1000
10.89145889077253,-2849.468658350328,1000
2.999454124655969,-571.1983796612963,507
16.606323016671965,-2209.7615161797303,1000
4.159788631302471,-4318.091463175458,1000
13.34144093319063,-2425.288244544311,1000
2.9954530418585406,-1661.4938154424754,945
17.16225210262521,-1939.3941448463354,1000
13.948719596954867,-3345.7959919946657,1000
20.463544401641183,-4690.310664028874,1000
18.178195018781224,-3285.0078340627756,1000
28.85651881012043,-2487.4440938438834,1000
3.61259021022047,-3270.7453921828055,1000
8.184029269709509,-1870.5737760705692,1000
12.890806620526442,-1964.4586697602592,1000
21.41988188442005,-3087.175720418796,1000
14.581915152464576,-3365.178663402123,1000
16.177604138650075,-1918.0234804106324,1000
5.676671824985109,-2268.519728989671,1000
22.958522038039824,-1670.989559373084,1000
6.211960910738091,-1892.1342791208967,1000
13.702232648649584,-2051.2198048643404,1000
15.569506790256012,-3828.7204120931965,1000
22.244838123606073,-1843.7270902055245,1000
6.504485402647042,-2306.0301350269237,1000
19.073172588467465,-3593.311595130812,1000
16.333539552302327,-3613.0985184600863,1000
24.783839679843815,-2274.0475431666237,1000
6.387053078336576,-2694.3623060151567,1000
4.895224690594402,-2746.0125373794313,1000
19.95721639291945,-3165.5976743021356,1000
2.9940511172759283,-1696.8751369637866,981
15.240143590428298,-2073.0888962003055,1000
15.890073218286483,-1901.7759675915,1000
18.866095232297035,-1704.9646577540666,1000
6.1035783694708305,-1759.732548388635,1000
12.733587347468994,-2370.1570738305422,1000
5.329774896235143,-3787.1345035094837,1000
6.262458364677166,-2413.4099632188063,1000
13.375348932780684,-3564.193739395834,1000
19.11419169331568,-1669.0269955534056,1000
11.687782851976538,-2930.56263587658,1000
5.960016403717444,-2617.453417472529,1000
16.601819678805033,-3519.1869808245347,1000
14.59506222004252,-4789.692568920221,1000
19.894805105772363,-2312.7579272763924,1000
22.517268722799272,-2027.1031507147445,1000
4.519807842073947,-2359.7369428677994,1000
2.9863006985109775,-2589.565652562941,811
7.169355360811493,-3077.039935452641,1000
20.18140137334054,-1840.323720541897,1000
14.3854372859809,-3359.048972540035,1000
25.641118007151334,-1788.6311922554646,1000
10.437842889695816,-1675.6747060607343,1000
21.50559038051276,-2099.400641237617,1000
17.56994139319567,-2415.5566026954957,1000
3.4801440184106074,-3319.967374936196,1000
5.961069582431544,-2564.839151227811,1000
15.488166351996737,-2265.6902283978943,1000
7.079926049524242,-2064.7675120501726,1000
3.566705696561988,-1999.1152335314766,1000
20.640209505340735,-1887.301171159469,1000
2.995849127751416,-703.2459926419797,712
24.072455991277508,-2445.523828750739,1000
3.524691323206933,-1829.880880082538,1000
2.9568877035608594,91.49675144010473,239
5.633722235006049,-3957.1473529132472,1000
7.187484130080332,-4151.720836429474,1000
23.44902415387567,-2022.072053924385,1000
6.836181718532283,-2366.1504381547215,1000
11.582217064956838,-2498.655269732536,1000
7.5670988855970425,-1934.714497283456,1000
2.9984260715850612,-651.0001313027299,735
16.04224500050855,-4625.468114593786,1000
9.71826272674971,-2072.4562067808806,1000
15.449030591408103,-4294.9128300436405,1000
2.9987502338861916,-915.854741906769,933
21.856383763569465,-3663.698508105734,1000
19.130591118058174,-2423.9577110891178,1000
15.995039952890117,-1937.4699214767913,1000
18.75738356728614,-3931.519690494719,1000
4.654395026591227,-2332.1008747506507,1000
14.528834438457574,-3783.779627713904,1000
6.195786295577085,-3001.589536987438,1000
9.096920041882454,-2708.5065096871554,1000
18.897146576523742,-4292.793607938731,1000
25.742997580252627,-4313.265455328604,1000
2.9998378276673816,-1437.8933448747925,756
3.815111168703347,-2254.290067786962,1000
14.126843879320274,-2599.079960903109,1000
22.696966413868306,-3965.1991272591913,1000
14.149949795908713,-1848.4424423347,1000
14.958362791778548,-2887.141671314517,1000
10.425403906112026,-2505.860941733562,1000
6.487993550075515,-3079.234508759071,1000
13.756128599145223,-3138.827641757917,1000
2.9828606110003073,-1082.5040725287035,885
17.51931740078683,-5691.849788940719,1000
21.506240219663425,-1659.6185662819908,1000
11.670299012673476,-3799.187693377429,1000
6.467865438394352,-2955.3508253855066,1000
15.01691827056252,-4025.1439447407233,1000
2.996163592810008,-2233.773145769798,787
3.818595310712318,-1985.477474571441,1000
15.56389647861068,-2937.2788289872387,1000
6.143349796177293,-3151.2800073760795,1000
16.8768029445297,-2837.450246794926,1000
22.263242142395544,-2676.479806618523,1000
29.44428048967399,-2521.4522045041845,1000
5.466234924127299,-2467.700430230399,1000
14.089934046078442,-2651.744452618303,1000
9.060374788531837,-1956.5442114083712,1000
9.077531719815184,-2998.131076407558,1000
6.364548316696738,-2054.7020691125354,1000
6.5306318415278115,-3767.016332407294,1000
3.896315445034734,-1870.3070212645061,1000
13.97741904100766,-1637.1633336257096,1000
11.009897825944316,-2758.677777535447,1000
13.739636586499946,-1426.8801608246642,1000
12.976180172481392,-3769.2536987813696,1000
18.394976936788655,-1681.5671831038671,1000
4.536567177382713,-3259.200684877367,1000
11.069614776744679,-3577.1348862399477,1000
7.388398031352376,-1788.6860377569392,1000
26.21125106642568,-4032.3575669679867,1000
14.331045065051175,-2513.015647449092,1000
12.486001925008052,-1972.6389095478937,1000
17.634481050745045,-1836.649764080846,1000
5.326066287991266,-1521.3235360525055,1000
10.28586797877731,-3700.6517264017248,1000
13.30805821154714,-3048.2941077881883,1000
7.169293575387283,-3590.409403902414,1000
2.9905384938683466,-1187.5066291375667,855
19.2519222387454,-3395.1103405110093,1000
17.87721576160593,-1778.088364284894,1000
9.015313834636073,-3081.381521338735,1000
20.016813651055653,-2218.198355732922,1000
9.800307696763786,-2929.4326231506275,1000
16.456910798877313,-2019.211623774547,1000
18.948075608738918,-1799.5763895062037,1000
20.587765905818753,-1736.8663165124124,1000
7.5317515852509,-2017.5313251673904,1000
19.237777091929676,-2096.731005329656,1000
3.0357266213799776,-3708.1172536631084,1000
5.67881241583765,-2674.4534752564145,1000
29.09518172216682,-3304.5240620338222,1000
9.170685335246867,-3321.706629913606,1000
15.389245823550661,-3027.5075085414164,1000
9.607730774339448,-2851.1456618623574,1000
3.8654887665407145,-2240.2522717454563,1000
26.012099222515594,-4227.773385074117,1000
4.483023777779029,-3452.3897588425534,1000
9.41338822434623,-3471.0880163130046,1000
4.260251376807026,-2324.1945044856297,1000
7.1664760873484985,-2451.9727439722474,1000
7.77974821067291,-2033.022433457471,1000
6.255699883533531,-2302.888388614483,1000
16.239668710038107,-1915.4555748030293,1000
9.436227320970493,-2060.2020533319965,1000
13.788848667802567,-3262.98356448078,1000
4.915616205034309,-2139.9824773031787,1000
10.528065419786182,-2782.3345020451397,1000
5.126882632591556,-2432.621759791828,1000
17.275243715685935,-3855.8264671490747,1000
9.85380410002834,-2495.618885502545,1000
17.800438698617278,-2116.406161209276,1000
15.075868106173592,-2189.1523286266674,1000
11.465452769375359,-2678.640852681625,1000
8.449985165989304,-2010.5816793251388,1000
4.445889312602369,-2028.7979921294248,1000
8.941998078448673,-1734.0078597223587,1000
18.58285461800755,-2209.285515440461,1000
23.577940920367034,-1998.2064199374295,1000
9.469215184146368,-1902.188282798668,1000
4.743168157785909,-2981.533907057946,1000
20.829873399334613,-3810.5439540499287,1000
13.04842911978869,-1662.474290333018,1000
4.946570460610345,-3021.9417675252676,1000
17.41405144747922,-1944.9827305177996,1000
7.0955373509512025,-1757.808574717818,1000
6.32075187592921,-3149.618205455784,1000
20.966747869179834,-2059.6227802497865,1000
10.523121404401715,-2591.126771090628,1000
2.9963597626092433,331.1199909427572,155
5.298468497819888,-2625.2944704395727,1000
14.661585368447405,-1984.0643166794991,1000
2.988056457544998,-1074.4410089721146,582
3.251494364739538,-3617.3255230895656,1000
9.235696654838197,-1886.2314731912095,1000
9.558866554027654,-1872.9417544137166,1000
17.07990990129345,-1574.937746921641,1000
12.098571108594129,-2322.462524839783,1000
7.289463591379712,-1622.3070428085682,1000
10.677775438056047,-1911.0367490525607,1000
15.332516414568314,-2559.057224793167,1000
27.1242437972297,-4410.420317899368,1000
8.027707309245125,-2359.247206886282,1000
15.60210700535651,-2726.5941251319705,1000
8.774165826027886,-2923.5384472258056,1000
2.9856113389842367,-945.2717750118477,842
23.682043628810572,-3284.1928889886135,1000
2.9992208915412717,-1360.2050227021552,967
4.121101327535671,-2251.55805972065,1000
7.662775614184534,-3189.870533965774,1000
10.447350787140868,-2396.1601874558705,1000
2.9770938617838514,-691.022354596432,740
4.3877519611336195,-1653.5015649824581,1000
8.674879697054084,-4570.385252163772,1000
2.9855338563826694,-1729.228999994612,994
14.155225189200305,-2053.3456100988383,1000
17.117353562706228,-1823.1282793725097,1000
9.944632904879386,-3244.6442687942376,1000
23.182892139971916,-2146.369369484623,1000
14.154021343999434,-3988.764686251058,1000
14.849007772587372,-3714.989703452074,1000
20.850520431247283,-3167.7254820317203,1000
11.812980918605572,-1991.5648988756343,1000
17.175908737872128,-1789.4454567738646,1000
21.249738629776985,-2013.4889935604238,1000
21.186671675943085,-2599.7957495815185,1000
5.423778269106117,-3030.4639727788835,1000
8.551161030018408,-1489.3406687733982,1000
14.659716440009031,-3076.2613995042757,1000
13.56593782570463,-1632.1348447118708,1000
21.91378850211864,-1909.8735499351342,1000
13.805533024535453,-1964.4816488517663,1000
9.638643016243718,-1574.6329816646396,1000
14.566918538617431,-1624.024659713907,1000
12.782593823443499,-1784.5115141116762,1000
8.689110871166555,-2802.478369809867,1000
10.456542644093435,-3322.0362325834976,1000
18.203597220432847,-4695.5435085502895,1000
8.334244154287054,-2938.644467701622,1000
11.96571922982955,-2543.2129028153486,1000
8.227204916628807,-2272.487632822386,1000
4.119010653640364,-2516.529194355852,1000
13.584473457465503,-3355.5613801507457,1000
9.321407162272704,-1620.8555766495836,1000
