

=== New session: 2025-08-20 18:03:32 ===
Episode,Distance,Reward,Steps
13.449240214168984,-4473.895169618543,1000
24.91264841050331,-5282.598897467891,1000
9.963697932979496,-3671.4306764546077,1000
36.9421809830031,-6342.205320942495,1000
28.5419189283842,-5956.895443334501,1000
21.031786021952044,-4476.062451790099,1000
47.28069282055837,-6258.846727870197,1000
15.628112135641606,-3859.8381520447606,1000
36.15199385510399,-5861.62496130795,1000
10.314918130626491,-4674.054985944972,1000
36.73867748993273,-6400.40303758733,1000
36.10402117041538,-6789.327906389703,1000
33.37085708246101,-2981.986862184668,1000
5.9577553546889614,-3620.1085360576885,1000
32.87296130380866,-4464.184269111592,1000
3.368539406988474,-4183.861527303115,1000
25.02166617654884,-5597.509704578334,1000
19.487394571924117,-4901.962021781655,1000
27.79067185219863,-4422.368414671591,1000
13.516870319515995,-5787.478381355589,963
44.7021650138035,-7127.892960787831,1000
36.46000602089734,-7081.775254054216,1000
7.970049090892396,-3604.8214459923415,1000
14.05683554196576,-5209.6726291856085,1000
26.046611950669234,-4501.819693582715,1000
16.096221845108712,-3840.781109241816,1000
25.931113409271063,-4708.820203170059,1000
22.224655823118976,-2944.3123954214757,1000
13.14433446945544,-3301.20134202154,705
8.066676987823813,-4707.021531005575,1000
20.101638823165203,-4382.71592737706,1000
32.74276474228908,-4991.669471152243,1000
35.67827479402218,-6999.900284878386,1000
32.72502377609239,-3914.150654141041,1000
27.105412158645954,-3481.6493858524186,1000
2.95935405714407,-104.96915362714196,547
9.182151356387974,-3701.541095349487,1000
49.512333379305765,-7747.748103704114,1000
9.450659556910704,-3635.0200646480953,1000
11.249424137548699,-4657.722082090867,1000
43.970580078301374,-5202.355265251677,1000
13.430219128359136,-4520.078018432586,1000
6.367924722401652,-2723.2741240746886,1000
22.659313088269048,-1868.140079085014,1000
12.72365009762333,-2636.3690361680424,1000
25.98868160453614,-4791.463010089079,1000
25.23752460308024,-3152.2119812413043,1000
34.90652432142351,-5264.025702424332,1000
13.263857144953503,-1414.066928413735,1000
5.203819449462046,-1309.4747735087847,1000
18.379841965631474,-2070.1808355227217,1000
2.981710620265166,336.2152554659833,483
12.18249280350304,-5336.698596441759,1000
2.9931712063833924,-284.8254744465154,552
3.150984207188848,-1392.5786232552625,1000
2.981731994970591,-1741.9247378350574,984
2.993932229434247,492.87307725212196,695
4.240541887049866,-1470.176361283077,1000
2.9860451701300086,-565.1201811637504,657
38.21793666792845,-4638.95522342347,1000
2.994559576718077,-1360.683464674069,879
9.465489848147133,-3080.8824569646713,1000
2.995172486621203,542.8481362996584,223
6.254850436918107,-3179.70674178184,1000
6.086717330329653,-1860.0664567693598,1000
9.048517873361362,-1015.6846535637584,1000
26.937641907097046,-3775.1021404307644,1000
36.75736722245614,-4530.710733281848,1000
5.438658473372975,-2747.614035611012,1000
2.973746854798378,-1026.9295778667529,689
4.609353281551707,-1146.9502298234231,1000
4.360826980600323,-1316.5636083752374,1000
13.243584248514692,-1182.2767217717292,1000
19.56432591514998,-4119.943204906973,1000
5.569620360426349,-3252.1404972262817,1000
3.405075975454095,-2154.603930452304,1000
2.956581134483971,258.53420581550824,131
6.732356827839121,-2358.480170070611,1000
4.883463951899692,-1985.269619386439,1000
2.996980652418273,-1836.7827349223694,912
2.968632250395887,49.17606353102133,334
4.097027937859443,-3203.6464722803694,1000
8.71644125047892,-1432.4697829630097,1000
5.090615495885559,-2516.82057232794,1000
4.983489344239688,-2249.453192940061,1000
5.72078853663961,-2551.646463591774,1000
4.31322983635714,-1016.0645340709189,1000
7.338905332141008,-900.6192066360935,1000
2.98897394027707,-2731.1272671371216,955
5.40974316058544,-3371.9786846335296,1000
32.538660368658306,-3390.6893773431234,1000
2.9905481779821557,83.93436145671734,397
2.9937548407246224,239.35285983626903,854
16.695738572381096,-2032.858358152244,1000
2.9898981872170833,-2568.448908399249,756
2.9847496288102042,422.5772793802382,533
9.650456613785547,-2476.6278470616962,1000
15.743015566468747,-1585.3036367164752,1000
2.9726498324836936,225.7362539514976,669
2.9799656868880056,-498.41662639882213,666
21.527371424464874,-2675.279806405155,1000
6.374810017611962,-3311.785401775805,1000
21.055323421574304,-5178.065184070379,1000
3.9455753553609525,-492.53459940555507,1000
29.094947991533378,-6186.157728802991,1000
21.090248133741007,-1464.7362270562398,1000
2.995567847899696,172.18052984460343,506
2.984230724819506,402.88129878671054,515
8.761796696095404,-894.9117378161225,1000
5.145334076712283,-3911.641529084747,1000
6.329554160738636,-803.0504118576629,1000
3.961784205948635,-2307.3506401528075,1000
15.327276387761344,-3794.249868789822,1000
19.78000586555736,-2624.5239499986387,1000
4.144403660659905,-3687.0520055818356,1000
2.9962438640844278,197.21270945434486,849
4.622211963763081,-2686.5610236096313,1000
2.9909795084124915,-1266.7277519671995,742
5.491032545401196,-1145.9049446205993,1000
5.148548503313304,-2947.4208680217675,1000
2.990507983292416,-316.80297887422705,842
2.9994406442121475,-491.49491659864816,985
2.94521085612689,-1712.989992084873,659
2.9188259869223616,357.5623790442778,400
3.415878652601734,-3217.5936837149,1000
4.168064151045344,-2087.1883172706916,1000
2.963274310528779,-1356.076529703747,849
13.797725813201945,-3115.9228282666736,1000
9.751311293885399,-1336.3978254467813,1000
7.167789684443293,-2081.6072430985823,1000
2.984954451056456,-666.0928484553417,696
4.809158324717946,-1556.815778281559,1000
3.420521894203422,-3302.1351813132346,1000
6.414671264287719,-888.4152110468966,1000
2.989683267791811,-1402.887892280729,915
2.977385364284292,-176.14273199626086,680
8.444134342412502,-820.7907298949538,1000
4.6603242798653115,-821.1690977465092,1000
3.9155455011110423,-789.531571859413,1000
2.984406131411271,-335.8710472593049,481
2.9904212587928054,184.11433068661654,441
13.893086286977024,-1119.72038742159,1000
2.9962044544500808,428.79594627610595,275
2.9788831326722143,635.047251151643,377
2.985855830768102,163.55623484108315,710
2.9922889857692616,613.7274809390103,487
2.94749667664399,545.0849677238199,565
17.077199394073414,-3289.0082416975124,1000
2.9920197096547425,625.6828847469754,653
2.9436508687515683,652.8566719854264,336
4.383170776744434,-2503.333423625246,1000
8.303244548855853,-711.2132523234859,1000
2.9947615491408706,45.94231812032797,131
2.9943420963861405,-1222.772647141463,911
9.396395799667712,-475.4837708233787,1000
2.969244412850052,356.2308246652922,525
6.2991833069339345,-425.5809558042815,1000
2.9922408634382034,85.37130653697261,654
6.119970667234112,-443.83783907338255,1000
2.976168572138279,543.9910563532397,313
2.9749272352266187,-223.03590393080458,960
2.9780026377439297,-765.764966644505,901
2.967709400071805,554.174267637875,491
2.972191193859777,367.1596719128945,614
2.9823161501309445,278.9848334316955,541
4.634362908288095,-31.631552230489284,1000
3.8018201673684167,-2485.3368522926758,1000
2.9736610380704738,84.72143087038415,522
2.989539363464962,489.78855434356575,443
2.9844591926941644,509.6072972423238,553
2.993467065070433,-419.73712130771844,751
2.98959318315717,417.40505751663085,401
2.9894973462343564,-33.66061419397943,483
2.9784223770701357,566.2029023057494,381
2.9866200179016955,367.6411065368948,626
2.971688829458896,342.5157659012121,493
2.9741693593313103,531.0195957203052,243
2.9961173088551343,194.48492265651174,439
2.998493952027403,487.48580945731544,874
2.980647736151443,258.2415298762934,572
10.755323627785394,-1931.0718320588521,689
11.559141634847844,-489.74295540227746,1000
7.699479689464012,-489.38261367900486,1000
2.996466789526719,-405.08933863944026,594
2.9747262228580778,-488.6122884337469,717
11.971425530178545,-416.61628028189097,1000
2.997294662608675,389.46619431632115,412
2.9926680743807945,-697.7607477114609,943
2.9517312765113077,415.0030552293304,736
2.973247498515367,-200.86860759205842,715
9.920872931327454,-1792.9271835334546,1000
11.805550362380803,-468.6404600969892,1000
2.980821818686228,445.0369381187552,284
23.939697717119675,-4478.4184972078165,1000
2.996840881831329,570.0193110686014,438
2.9996673906349502,366.6086698502104,426
2.996118508641332,482.0454555136729,630
2.9453882331003123,601.3506405164383,385
5.229548993806902,-1040.476354719373,1000
2.9969074510563716,-695.4583433568553,600
2.993320007284716,628.5326156534252,324
2.9571581874304647,319.17075451685037,927
32.51372263913591,-3076.9923364635697,1000
2.957333951634951,325.2576945374444,494
2.9547171728334263,249.9439161877969,728
2.991107894894687,-168.05371078374617,317
2.958965730248006,544.4669723640149,760
2.98634658679948,579.4541654565979,241
2.9361330060885704,437.6591251020853,274
2.9995263613795444,-221.2835688203338,618
2.9791500184578243,591.2510257188213,419
2.981247535401859,376.15496607327896,356
2.952366053431871,350.34508251259246,910
2.9916509691419506,617.1201430531132,503
2.9921506761447114,561.5547077922404,401
2.9931752041230744,322.2842009458924,407
2.984417020848948,100.01213755036139,548
9.78376615576194,-553.5039713750034,1000
2.994040541396188,542.5709616886859,312
2.981385504525523,500.120814085226,166
2.9852945029974474,-2030.8355503777152,945
10.365473807102024,-1872.176696140111,1000
2.9640447787079576,98.16925437118499,592
2.997802171992185,-129.77007027522063,669
2.9570162488264793,268.6631744638792,452
2.997918421712775,-1224.5315674554192,863
4.525428322944086,-635.0498662557251,1000
2.9948844866319075,-80.5282981716324,564
2.984341341646358,622.6069143608539,589
2.978830604521106,643.5567974530742,340
2.972178200109724,620.3079617842953,290
2.99512727993669,659.0889851073865,327
2.992517002689044,448.6141006154163,491
2.9811310192533984,391.40570372951674,773
5.9465034480613355,-257.0232832226291,1000
2.9994207413703937,469.7004209479387,461
2.964668817990001,276.02958305982133,385
2.9917250954257377,15.675039221152531,833
2.9761897391221046,-66.69872263393404,723
2.9972314399475803,460.2732621916199,192
4.734713699104709,-902.6166790235704,1000
2.9884110803590045,171.76977890401912,964
3.7811291997285843,-112.09125427375265,1000
2.973485749976628,425.5515187558559,377
2.9864069459959106,20.20891539316534,916
2.9972151849841535,660.657172838875,354
4.081396150891457,-62.608292450503015,1000
2.978987873400406,367.8425682731508,323
2.9891159545765253,685.1318859387519,464
2.9829150676602505,593.7105389527457,734
2.9985595342063225,350.3986051539265,877
2.9942337985140024,468.7223944758557,642
2.9849785921193006,218.27400057004235,229
2.9835202228588233,428.0801782503059,877
2.965424672791334,509.02598037657333,524
2.967824939919192,529.4009081761241,510
2.974710690994006,644.5722153114635,533
2.9908087890733137,364.00494321830047,87
2.9850108590555724,599.1174208340954,307
2.996755729665916,336.1592978870465,922
2.9645702790124235,548.7949040865954,140
2.946952125494988,534.195120411972,305
2.9606846891096557,583.6998406958647,837
2.994364583143327,601.1657490126336,310
2.992596400476749,-1423.1136441699753,653
2.9763919381183364,494.81011722089863,187
2.9576363189826673,572.7813951848341,377
2.9749780233054217,634.2838329039839,229
2.993679335012657,669.9292115541831,592
2.9643892020007647,517.7074204455721,505
2.9610347299969724,406.33437796460504,641
2.979845542582848,243.4741435478614,380
2.9810487332661504,574.1314112156608,181
2.9849562346908853,195.84329189157882,533
2.966153537389862,338.8022625859563,873
2.989164781190973,-1216.4305175675024,706
2.992787785518897,590.4674899701085,464
2.99657626504114,583.1201448898446,530
5.110198809865735,-97.32863874323168,1000
2.9867487935353014,285.3259231602544,426
2.9621661361059175,453.1932204189903,891
2.0397468429668355,500.0,1
14.081160059503443,-2877.521277290215,1000
2.987276257545566,620.6653279180708,611
2.9996454314090966,509.8803184812461,415
2.9702796652565007,-38.86244101078057,504
2.9739195935098723,519.1086388296418,237
2.9982595584975344,19.31001154630934,624
3.4515706512554147,-350.07385266696565,1000
2.950935114357944,281.91458178009,550
2.9870714421032,119.15686721098297,978
2.9821999841661437,-129.60206581502075,691
2.995548111677561,312.9536327819812,382
2.9910839710208514,-76.47516689316865,339
2.9867665227069042,-56.69110312392729,843
2.9849434175926177,561.1646461410562,776
3.2856249548845344,-1106.7876776552291,566
2.9909763929955924,334.5124461488034,461
2.998752963888255,614.3802459924846,844
2.951888199850272,601.6221064816153,190
2.970180792245536,154.40269292037948,359
2.993590515019477,613.8127419978455,414
2.98135068853867,292.6710319839765,375
2.9922773770377638,593.8935748004811,252
15.797429242884462,-1865.1116621166625,1000
2.959052079197444,601.8719309730301,404
2.9636494825778725,607.0959226745772,395
2.9973860410080473,-908.8994008581328,746
2.9675315464968475,481.5556958951017,909
2.9743051617418557,541.7373150902924,846
3.4401269413659907,-209.33056625275793,1000
2.999964888826956,378.46366912833207,807
2.9865153412181367,600.5200620601643,911
2.9819503879481566,608.1233977580879,332
2.9765427658579697,488.5078039039724,444
2.9498090070974623,449.6897975882381,363
2.9666309770218784,267.74318845978297,544
2.999327471679919,624.5683049463603,511
2.9866995065294972,664.5153557815081,543
2.9559402848130665,544.7153457414256,489
2.993445733720092,479.2419727932793,69
2.9811962717636766,572.2719398569908,549
2.985138963514302,468.52646556552236,15
2.9947652355736474,447.69955300915,513
2.973079198383063,392.5454377857642,624
2.9852614066760537,353.12362483067363,687
2.9577004614123616,604.7225635961929,297
2.9586186802847463,-1005.2252534396421,838
2.9744731487465272,25.45390828982869,742
2.9809483398764733,596.2210918093117,507
2.9912634796247435,-20.0538481565178,502
2.994173910823656,608.4942430100477,263
2.978344865927729,640.5309139852384,319
2.9848486770267804,523.4483142445117,587
2.970882083267359,506.1667135914984,521
2.9217577855053642,641.1472166407808,261
2.9867096379675773,543.0591806918746,426
2.9959240090908166,-91.49475584814161,646
5.266159098135334,-150.1861647191451,1000
2.973583154175368,317.97310384190973,819
4.00260646454904,-242.62265662254038,1000
2.9914416827632855,591.471161617308,832
13.589364038451995,-2226.1888344162408,587
6.069719790169689,-522.7771541764631,1000
2.9995878547832078,640.8667632656765,410
2.981164839013272,639.7406773047456,487
2.963864412628075,523.4731613833421,762
2.976946550745209,685.9145170440297,494
2.98298045665087,687.3225061601557,879
2.9719389774223233,621.9335449736235,441
2.9998166657386824,708.303063828326,638
2.972237203850855,577.7464311908167,971
2.9605252901176704,607.7077857784469,422
2.994234170061473,640.8145467969096,441
2.9825093646098417,-63.69953111629036,526
2.966130392592653,519.6257918368595,415
2.968699286950703,470.4187701179936,975
2.961615534071425,520.7168912820043,355
2.9738677327894703,560.0259129815561,429
2.9992508783927896,520.8964547193731,506
3.4905159861561605,-5.240281488570899,1000
2.9776536262343085,618.9893471669093,296
2.9721752837465965,582.8926807335336,333
2.993745528241178,518.2577670989363,909
2.9872430445462608,692.0667408697936,472
2.9990064210826786,597.2569837380684,521
2.9964769535795783,656.1068139707143,689
2.9992126390135647,715.8035778042292,752
2.9919364599559106,563.3784654570061,207
2.9646811518114835,-311.3809734003546,675
2.992388834501437,171.65334301442238,845
2.9663408485500806,714.766667733688,481
2.9919881049826684,601.8873911197792,374
2.942281128713089,621.3914507408966,176
2.9912002182505293,553.0897886260695,113
2.9796173287274805,609.5442670285527,522
2.974403107958177,605.841239422288,315
2.987249149161098,549.6557125044567,737
2.9744798074440006,644.9467151966865,657
33.13051171853225,-4371.420128356086,1000
2.9628667234572945,291.6292526454283,378
2.9619580818656677,600.7613342418613,400
2.971063062563399,312.434755412768,891
2.952525951315855,640.997076399382,404
2.9736489366167693,674.9731796679832,386
2.999752014748793,555.770404492694,794
2.978966523483745,544.5611852390389,263
2.9725536263873096,653.4823542650148,433
2.9466750014804917,593.2308584087544,261
2.9593133699082057,590.2324390106075,164
2.937983234044017,674.3723487025603,376
7.708244959076815,-275.71652508569673,1000
2.9884861011707775,532.8332484328002,127
2.9591959170698203,676.1350489270361,723
2.9825737331111632,355.1433107120952,636
2.9956393679528395,428.53386612618556,653
2.9830632725131765,454.3098652809324,412
3.7210784059924418,4.512332735231855,1000
2.9826048293868186,571.8313053440418,236
2.99599138434906,588.9659291605483,706
2.990278339317428,524.0412377995602,367
2.99100788660926,384.96308782423193,757
2.9987231597622808,520.5202797240042,232
2.9925470061438117,524.6555036246904,768
4.758354666208087,-83.61064599265261,1000
2.9962782599436304,345.1103512023648,979
2.990794091122235,-186.88066966951305,932
2.939007415651045,541.0728064431191,212
2.9878840998302456,606.5867943919106,541
2.9811468992280648,574.0502155997181,374
2.9937999768901915,-335.2863500797853,939
2.9794745473242195,558.3297619456794,218
2.9854272561156026,95.14577852846173,743
2.998925785723869,660.6621477533929,564
5.734879308722448,-104.09543058788324,1000
2.9620826672342537,486.01429561233965,765
2.986958322975422,605.8751293326366,727
2.972184158377495,623.635418049013,347
2.985665321920675,412.3815157711826,459
2.9990974805823543,638.4654917535786,306
2.9757259422472124,476.74732412527305,656
2.9813358598383384,627.4662906661271,242
2.986740010610699,187.7579180051382,435
2.9620488624265042,558.9764717025986,256
2.9945035333877823,364.59587103756405,505
2.9728541756136178,650.8102344407238,405
2.9951922538070948,437.915726475179,684
2.9986018435475312,603.0887394080758,451
2.98628238842321,619.0656530108928,309
2.9901465456656533,607.2109713950591,198
2.958834358605694,470.61571067512295,313
2.977661353408415,624.3190036413251,375
2.968605707999878,417.0843879262542,971
2.9540055397316833,634.1659885070027,292
2.999435073226079,606.9291322659343,190
2.9654882874898547,661.5596056704969,453
2.977966317249432,564.2349250717642,228
2.949720979071197,511.32968454461025,712
2.9536618141738367,389.10894101430324,319
2.989314811618635,299.7729045096083,632
2.9856925032978556,480.1639709801361,944
2.961820420456854,722.2069082825918,946
2.993605774394284,525.6350193567947,268
2.9721268574000974,640.293872342546,272
2.980618574824564,472.42143867873074,346
2.954384134220793,563.2956948093346,790
2.954920650704722,619.2853212356217,285
2.9912274742101634,468.43154975295215,686
2.9715215483862365,554.3982406655848,645
2.9695886196351,201.30602264524282,256
2.996709065752237,443.67279070111016,382
2.979996167504486,-331.14724326428166,748
2.98133386365233,544.6530817388231,555
2.95060317549746,666.5266856516673,314
2.967631954724586,491.1281392810726,29
2.992766337768443,497.80428677114963,51
2.9834781192520285,596.2248560214879,391
2.989480087739929,440.7357635509004,391
2.9821302298487793,494.383954578878,978
2.9869927187822376,590.5254737889275,178
2.974975133109357,623.5417918232931,367
2.998456510661705,578.6116155112644,122
2.981708373183083,504.20062146549725,422
2.981280195257253,627.1223460431381,444
2.9873979510350788,438.45386406678,698
2.9867822991326873,608.4929667603643,628
2.991074088715115,614.5761505996268,818
2.9686584703852015,577.9703128771627,465
2.9823426354131515,379.04912264432954,635
2.988226695481428,558.4677882488218,173
2.969614082492652,500.45180790133605,143
2.9990346879146457,182.13014065269408,865
2.9897638653837846,356.58702004154225,283
2.998192033518483,575.4595519538516,872
4.231424299246224,19.622001027268944,1000
2.962842060128895,682.4408248371353,858
2.980117055648157,434.02837215220416,940
3.5973972699669576,-647.1478029552833,1000
2.9474263451735947,681.0600501280155,705
2.990499905928212,338.43086664005205,506
2.9781324482769884,577.78937929752,469
2.9999964782938036,611.8205304042438,370
2.9713170294805886,538.116781930888,92
2.9673907312953047,465.6564736789565,945
3.1744351006767184,-153.1791999942088,1000
2.9978085369460454,471.36423379827636,762
2.9875225760683723,557.1668110362965,539
8.022356156709414,-193.58826517369673,1000
3.2067675540081835,-603.2730453850966,656
2.9651012629061606,387.75939998860395,448
2.991541075484181,484.38153880831567,800
2.9985387790687446,621.9396300108081,465
2.9696384283103576,602.8221457424573,330
2.9818785644560295,664.7518182216361,727
2.9889380839202633,718.476271291298,733
2.977758133128092,482.59282269712526,709
2.9323065843585043,495.5033150933453,405
2.959043538328158,104.30349267956831,603
2.9774147131389452,600.5763882989779,373
2.9783614116231507,632.6978603607761,331
2.986861134399399,578.347087585721,346
2.9434960704392963,586.8415974460518,863
2.984977155941005,508.3412449014632,659
2.9608525298940456,563.6064157827917,178
2.9758458151501417,667.4008835224995,511
2.985329186992738,245.21474615084367,780
2.994736297481256,622.3187647758944,436
2.9655779222799628,557.7573213635271,465
2.9517226379730737,591.6590322538805,274
2.97535442816736,582.0164881598464,354
2.982786713950548,645.9022446327053,276
2.991237054608754,562.9837758525772,407
3.727915658701849,-34.12948571319989,1000
2.963982277179699,684.8768165719811,334
3.6652618764370013,-117.14156087528372,1000
2.95997679816553,398.5638573585764,911
2.965871265015862,619.0915809514069,385
2.981627624374635,579.6004960096989,344
2.967451355706803,600.6103337013316,253
4.242029648096184,5.29695598146211,1000
2.993438363373783,458.8117268887106,786
2.9344799936120616,617.0275011521966,494
2.994599327061788,541.4499024695382,205
2.954448777053829,677.0921613761968,529
2.9848398104104032,631.5278959281399,658
2.9920451804352632,613.0476275738224,422
3.5646205125720565,-562.9466597529681,408
2.967336881564701,602.9357929561105,306
2.978596950445639,590.6832167849243,488
2.9645805599333026,-213.23781129432393,975
2.9919497168280795,578.3778845376692,805
2.997585973120386,554.0647987825137,514
2.990705769376607,565.3531545154093,504
2.9658362760392674,652.8284139440613,280
2.9942423435272327,598.5328275316821,313
2.9869076907880747,489.9222532088716,221
4.874335185586727,-388.09559766547335,510
4.243553504497847,-67.40820687116178,1000
2.997296043156766,556.4526500687907,274
3.0199445244636363,-86.69527512297353,1000
2.9853887902914957,637.3505048101675,351
2.972122224606597,639.9781523684017,441
2.9561559940654085,514.8618694304952,630
2.973898169142807,92.47240915453528,423
2.9769695712143913,649.7786738221286,367
2.9912171518347845,502.18820661124346,949
2.9678909057681713,582.9999834747325,310
2.9805474656946327,167.7220110036351,571
2.957990428077013,679.5576585987485,343
2.9589158913577727,577.9260238017083,139
2.994927598012611,598.973831958274,834
2.9933593383061887,659.7830764450707,319
2.9615688559618656,690.26910821522,525
2.9775168145409623,548.9048951882934,923
2.9955162534691486,578.8816075264752,670
2.9711696676780326,335.36065940544114,775
2.9658139026284744,498.66195394259006,940
2.9908152421301883,122.98403908489098,243
2.9761316465167478,609.5808652373004,466
2.9856418561582756,587.6376516793827,188
2.9992730483049685,574.7901520301448,684
2.975623457148995,539.6422565467153,319
2.9341231966462153,490.3777825028385,148
2.9861521118546004,666.9298911738431,336
2.9699965773728203,688.4983319870244,407
2.973400619667923,593.5796810074282,924
2.982318008489286,584.6426467213226,377
2.9578356009047013,573.3817457155428,258
3.2074939685802653,81.40784278253896,1000
2.9744024767276116,237.83341327736576,369
2.957759084922822,513.4136226284717,308
2.948977237859251,238.58308731523874,507
2.963619338927549,401.79620553213516,439
2.9659315393459056,508.8886428799874,980
2.948899516578889,427.6672503635641,583
2.978231280191831,618.9060826620653,284
2.989874034592457,616.9483270044758,332
4.309572150096166,26.69526245435547,1000
2.9645290354862435,598.923508492435,611
2.994867127594909,558.9316375575185,311
2.9592347211610392,525.1247914043429,928
2.9969537177457513,600.9642009252985,751
2.9880908913119537,538.6486073100251,444
2.9900729487074424,600.5729685577095,239
2.9578359858100405,468.6890060759812,942
2.991412200571069,668.1515500568439,634
2.992353903011561,658.8513059556191,468
2.9669511160754034,636.7240221851177,583
2.9711787735716104,102.64874074332363,229
2.941808746905502,573.8892052537383,848
2.9810457573416906,670.2431920487,362
2.987061861411102,665.0770312919813,371
2.9958287293820156,586.7167183010441,503
2.9870688057871178,440.0977384259598,820
2.999463796421577,522.3875882038208,331
5.119678740908997,-77.62388687518923,1000
5.725586220503989,-46.544371908939645,1000
2.975445448371843,589.9268620114669,313
2.9522675756827423,667.4525096750094,445
2.9570613038109945,559.0748806786206,363
2.982681318424039,646.0890302353031,347
2.9665976887435446,549.3568924296303,605
2.961475098930903,615.4123766430173,403
2.9943676135337323,376.05911643572256,885
2.9866936289148027,502.2221516016208,440
2.942437375331449,638.9778882282529,920
2.948259246473868,462.76659176321937,404
2.9606026488969066,598.9064194538458,281
2.94983796949358,524.6787855499506,388
2.9738670242278116,556.2402876282831,104
2.960497817990531,625.9659870756316,331
2.959098174957497,528.0347749166026,480
2.9967416745736832,523.0040091774026,143
2.960899763525905,595.1604756944422,232
2.947778554323448,640.7218368252131,392
2.9738095885947007,669.6734056059097,285
2.9894167009512054,618.3354275794386,279
2.933149129907526,506.5391380361958,267
3.3539152446697513,-127.97052209268392,1000
2.9938307737427485,566.2584403668361,396
2.9669545257461536,482.70473807425867,629
2.970239890631642,596.3090913942439,226
2.9589609720243644,673.4522840178001,448
2.9849703435301804,714.1542410419192,457
2.996135500280536,657.7021192835147,332
2.9516952438309,639.4652380393927,363
2.999842956159764,677.8552898761976,557
2.955270965892407,586.3421785834392,361
2.945531024256146,638.7802641946979,380
2.9732011651533825,537.9150901083289,719
2.9425320140960887,539.1502368397779,65
2.980367427955748,662.3887172103834,485
2.9831705600698175,500.9172551254044,101
2.980418606889086,676.1028584068054,505
2.979657654373728,562.352110760036,387
2.9957725737552776,592.3914052895832,632
2.990136302851587,628.307519220932,794
2.9942852375022206,601.4825602191174,231
2.981613901327182,665.2141515767923,347
3.74030647591197,-201.15952055679563,1000
2.949647565946994,636.8633656516831,249
2.9679910616277514,619.3975673771488,906
2.9725495074811303,614.3122083448718,585
2.99779003950744,608.9968718360376,196
2.9701777956914985,610.8604137557847,495
2.974976402897162,548.1196770095385,764
2.985550819627847,547.8896473683243,781
2.9500217979707006,626.2875158301822,253
2.949887684521188,549.5923586573762,431
2.9846096874966097,311.41981225496704,551
2.9680675344534944,543.4029203100632,128
2.986755896484612,407.66863474965794,714
2.9703650845767604,511.08397397073526,366
2.9812667434405578,546.7380413881159,366
2.9783447195489714,524.2881342348006,488
2.9816654162901988,664.6438649597919,469
2.990135420523,461.2371324050547,496
2.9639019885226014,630.7109307490894,385
2.993786421546999,582.5145499899844,345
2.983912296729971,721.6189554504402,734
2.999477619441424,479.663926884078,288
2.982596006433093,677.4384385879341,323
2.9339779430423674,696.949177327929,528
2.995460170331475,504.6999172809752,384
2.9560351875079496,627.7574922556964,676
2.94882758620289,656.8874224921908,636
2.9901730352217366,617.0378361989458,975
2.971805350179915,590.2611884707958,300
2.990719663875397,535.4909332228183,230
2.951889293616715,631.3454262048921,527
2.9489043831640154,667.0184788655702,364
2.9775416458066823,553.7101086072804,261
2.953204039750016,648.4448556157056,488
2.982129772148205,658.8515224434948,875
2.996339637937979,618.344061008437,385
2.9951622427873814,474.8426841193919,196
2.9881080413239585,535.9512554763257,710
2.994093474855002,575.4470825353687,684
2.992423027462184,682.8366676238022,731
2.9645334124901424,715.4445050052661,484
2.945474140806913,671.8476701259234,394
2.967062379862563,512.1099856396756,869
2.986187513368626,665.2134020200517,631
2.961263902818751,642.6691067177625,294
2.9694671706583255,590.7281089651643,157
2.965372482779412,603.9017028245702,341
2.9638496747179035,653.9999548692443,765
2.9883863837034297,587.2773867797004,421
2.948640230429236,652.4131700598884,414
2.989979664396557,520.6630461013198,216
2.961479558502177,712.7815794777754,553
2.980858923662723,607.1262709094632,306
2.973084325247599,648.3434903777412,428
2.9359239243034287,674.7478933951196,539
2.9576987316717354,631.8546897747492,793
2.975476548526971,660.210762720352,528
2.97047798453879,591.2667195339317,199
2.994976152672257,470.8004015990914,941
2.988841206649658,278.2419398335675,606
2.962364364051013,469.73086499765105,195
2.9871701948774567,654.4390952807928,349
2.9764721207684244,585.6069830147497,206
2.9910558191584498,646.2629160650789,432
2.94773031703409,695.5447222928934,475
2.9866152621533155,392.6061304387631,339
2.9576935252387724,662.9606214242631,377
2.9682923803353267,625.4801599809821,682
2.9945031307763683,661.0275714074309,328
2.9375355547342172,489.3014869494845,274
2.97655718731629,660.2906052642704,937
2.999173702859326,575.7690477602223,614
2.955934638948697,500.8372861538756,927
2.984897985391845,600.3416159541849,325
2.9588971176448804,530.2356149255982,408
2.9744162692308707,607.9200427336507,304
2.9414690931167287,541.5932229817457,845
2.99862967035985,551.6343571067695,303
2.9790271121285934,636.5898947732005,420
2.964337689342899,642.43901302228,678
3.9417009189081913,43.05237500368007,1000
2.9670782496112027,628.6730588735794,525
2.965026862423284,668.2300675987292,483
2.9966691207956337,634.8431026762278,462
2.9850790309460957,471.5754451145974,911
2.9833728185805506,672.2810329196246,384
2.9433294374802816,621.6077126441277,514
2.956838105416365,512.2055747487972,963
2.9592807978434545,418.21178624365336,802
2.984300139858312,583.3723035139706,774
2.9637705006359796,538.4753588084263,464
2.9794811999763318,654.1976131688398,432
2.9762280498187144,581.9778819007273,113
2.9815151927206998,606.5859856245942,672
2.923828103777648,644.9715528658531,345
4.4705672595934995,27.72014907387837,1000
2.956219347518144,711.2096703817361,754
2.9460338190179023,571.3137537492256,160
2.96440753356456,474.9922919790419,494
2.9966666783155493,690.5977498506406,506
2.9795497023156523,570.0883640940851,542
2.967522799810764,657.2685180213874,446
2.9964216896890425,525.7585828440696,547
2.9619301396827,600.1034037959805,197
2.9499463042923524,678.1796329788558,306
2.9946500374663954,621.6188287298585,258
2.956862242305292,631.5859264307882,295
2.9924820512600943,660.0932228497164,325
2.9714747142110847,631.1760109664134,267
2.9915936977362407,572.9929058402765,265
2.9873401055561737,746.1057308204023,882
2.973313212871914,558.6393906846155,164
2.994017815628003,600.7226598258355,847
2.9810417376527436,618.890784824768,284
2.939740189156969,524.0512265089305,192
2.9850186405675854,647.1927476252063,662
2.9144521373464394,595.0899493369287,153
2.991300560511362,671.4804038843661,363
2.9397769399791045,619.490467941352,935
2.9803795892947753,599.4548513728602,420
2.999556765967153,671.9953150184265,451
2.9663001282465444,624.5240214683881,423
2.965210635251056,649.3540406340476,310
2.973670385727233,644.6150552605698,884
2.9918931638685575,650.0089789633984,271
2.9958112893368054,728.2820868777185,607
2.9935234930309247,600.1916551540087,230
2.970829086937776,520.8526187913541,754
2.945206834446368,454.01665466281827,544
2.947412671043588,604.616862469521,412
2.974125507924622,439.6718478448341,626
2.9637274316525937,594.8198978410417,343
2.9777628472257964,550.244022116011,395
2.9847454462359764,653.9144600975322,468
4.7049259041678875,-194.48635991884126,1000
2.9832004738964413,572.5477928830927,772
2.9600466710169977,676.461607060729,405
2.9890419818376133,575.895744062522,149
2.981105886087665,207.17901281862447,805
2.9543711645311848,548.4348809140336,77
2.9932880854450747,604.9065981520505,625
2.9653875437264428,631.1627351486882,312
2.98963068154358,488.05826882283543,860
2.9789655691056445,533.6802315746019,456
2.973818034998122,563.9307225821169,388
2.9873715958416063,646.0322741862627,501
3.198871895874309,-26.880507250947154,1000
2.9832499760102054,604.3135533048475,162
2.9628691683243615,541.2002083924589,503
2.9530643451280216,686.3733686159984,551
2.9602482172516598,752.2210140341328,632
2.9872589683682307,639.9857339767594,440
2.982322482096073,581.7911660906026,751
2.997957046442113,613.5242248102419,394
6.015564614721846,-87.31036856184271,1000
2.9892819184207085,309.0762758379532,461
2.982182573243406,513.3454024822213,796
2.9976034882404683,677.0718727239534,361
3.8802471878631946,-37.52595443696818,1000
2.992121374206614,546.8302243248827,420
2.9962069199599957,491.07218332976754,486
2.9859168474241913,646.2549568643026,423
2.995206037020479,708.3173335313018,954
2.995458342972864,615.3865501874144,332
2.9197146625192407,469.07851847364697,326
2.9963380549624867,138.05618368086886,637
2.9771503168385167,547.1004064060486,317
2.955648780462222,529.2805940561367,759
2.9845197512851365,472.2579480863782,868
2.9834955927459434,688.3796468396854,877
2.986925566689476,580.146705860926,531
2.9891975723304944,581.8299155331289,634
2.9984003511576196,244.8108191678301,238
2.9419661327911237,473.061032901851,424
2.967003762464944,620.6062886704082,368
2.995497010018622,608.3361304692355,975
2.935287509530907,688.7913805572,393
2.9895519069049388,587.5221824051499,307
2.964933234196674,698.8405777805729,393
2.9001571728255766,586.85682445394,232
2.935970621782699,369.83832293370676,904
