3.249268
3.650848
3.126125
2.521056
1.919476
1.651952
1.710578
2.356582
4.242971
0.672315
5.874051
3.264361
2.738047
3.259725
0.492084
1.984169
3.299721
1.651906
1.975621
2.219109
1.445870
3.909005
1.651224
2.540545
3.426805
4.355470
4.254052
4.155199
1.933451
2.622484
1.060028
1.882114
1.651397
2.354495
3.034446
5.353706
1.763192
1.909738
1.360094
2.387849
6.107324
2.893141
1.367939
3.760879
2.768019
3.087663
2.729495
1.274864
2.624387
3.524416
2.884412
7.282567
1.492635
3.378057
1.324908
7.686692
4.162314
3.095064
2.256787
1.426486
5.484653
1.967216
0.519338
2.254086
2.859796
1.904987
1.126749
5.027187
1.453285
2.719336
4.409423
5.713801
1.643487
2.204312
1.238669
1.175576
0.340540
3.831458
4.556384
5.381155
6.480878
1.989364
2.766926
0.757594
4.823678
5.921754
3.689515
2.328906
3.149478
2.116002
2.826003
3.330501
2.208227
2.557493
2.105796
1.749975
5.753249
2.157493
3.027783
2.986052
1.536421
4.504583
1.895084
6.305657
1.879783
1.930803
2.785598
1.496728
0.121646
1.794721
3.262503
2.179308
5.086087
2.818673
6.220369
0.866200
2.913396
1.991208
0.946043
0.840862
1.858135
2.423858
3.203624
5.161379
4.486615
2.270184
2.729058
1.398055
4.944505
1.611188
2.897057
2.113721
0.459056
3.124776
1.893167
2.571138
5.588678
2.744032
1.725714
3.568420
2.163751
0.487843
1.408045
1.781066
2.057710
0.724347
1.820043
1.594860
4.421577
2.255833
2.654045
4.975126
3.085684
2.203316
1.157738
2.162128
1.397028
2.697724
1.369688
1.016779
2.737945
0.979453
0.813839
2.358114
2.818965
2.023572
2.059623
0.285327
2.333539
1.841835
2.385522
1.364161
0.817522
2.821317
3.153062
2.997737
5.525675
3.972499
1.740531
2.817837
1.451601
2.337346
1.554095
3.268700
2.732652
5.319728
2.085580
2.919215
2.072306
1.711194
1.455376
1.049793
2.383373
4.166036
1.436578
2.419936
3.769861
1.428384
2.526302
3.691368
