=== New session: 2025-08-19 23:44:44 ===
Episode,Distance,Reward,Steps
11.857140577498065,-4229.962164759887,1000
27.95650829961798,-5914.3901616272615,1000
7.609862526772922,-3472.0681713567237,1000
38.75292474840232,-6497.266427141984,1000
20.24467166989707,-4446.8356449042385,1000
19.302178997888504,-3954.685520784802,1000
47.71530635570801,-6156.303231383158,1000
14.907089435230466,-3715.045020799669,1000
36.19839279374887,-6147.540963187235,1000
10.80718867838832,-4926.667328097461,1000
33.95654666737834,-6157.102733124128,1000
33.09061664692739,-6029.299073969031,1000
39.83307880139797,-4243.895442911249,1000
34.77974905083909,-7992.736325241959,1000
44.00167846298049,-6223.068377317588,1000
7.322087838632257,-4942.050805503037,1000
25.684711538908402,-5351.361549191456,1000
43.16725157520902,-8103.041992180336,1000
20.11318149722567,-3129.303658521447,1000
2.986371075318992,-2002.0948005231248,786
45.84153833639729,-6797.097264872234,1000
16.59592822772477,-3682.9370028851527,1000
29.4181066956227,-7166.690572279629,1000
7.082298493475077,-4361.525022508463,1000
2.9838140324225546,-533.0390095974722,948
11.900097791069362,-1815.2735722738348,516
37.347513722917355,-6437.4340237186425,1000
41.087599135528045,-6252.183805232379,1000
24.418426690182365,-5272.927014802331,768
28.58046365621495,-6144.3955777960045,676
13.370873843431538,-2993.2164597690703,1000
12.950105744283931,-1864.2448886366144,1000
6.31714802996841,-2757.4463541684727,1000
58.08559790618498,-5555.495192088135,551
45.93234965919464,-6357.71303221048,1000
34.144314476667454,-7188.896807555881,1000
21.352872903445682,-6244.970555077516,1000
17.48201769697091,-3357.772607286862,1000
3.7720055700929684,-2544.5858977163293,1000
19.306666547812938,-5771.600376170392,1000
34.6027118302261,-3788.729141883118,1000
4.249191187853612,-3029.5722774361757,1000
14.159537195297057,-3395.997653944171,1000
10.29154056736492,-426.98665420903353,1000
30.75996990506288,-5667.863392594155,1000
7.37165308776811,-1959.556096178648,1000
8.879931810215409,-1100.6921194032436,1000
9.93597433085533,-1505.5196981440452,1000
12.87380810474934,-1790.133429861309,1000
2.949606693267724,-44.32779274946506,835
4.572281052287488,-732.6426653838711,1000
2.9934913765723894,-1205.0706313912099,843
4.805403159680295,-3572.697093098896,1000
2.9949120170384798,364.4963841978499,357
3.002402966011561,-1268.8473956644702,1000
2.952665527236975,528.0252484302291,399
13.36869357762218,-3110.362768663651,1000
8.901120258709597,-2343.8785942211794,1000
2.9371698855427306,-1659.3466789682357,864
25.34200905466057,-2648.07860993052,1000
2.9757234472088014,-253.08872131060355,666
2.999971734409234,575.4737977884182,502
2.97284483513147,-1124.0062102240788,678
2.988155383557152,-56.53445911006702,425
6.007199368706421,-2426.7526427470084,1000
2.983324242761311,125.32683678241881,966
6.618860387919725,-783.431722490611,1000
25.667354866747353,-3019.1324962536537,1000
2.954400403254683,445.8434081922482,518
2.9970782315142768,-33.22322814639165,600
2.992831156043469,512.0035659892707,703
2.99022704460504,184.5522399553787,611
11.493434901336352,-512.6667639622343,1000
2.994547756061359,-20.78466334738755,795
2.9891754167182394,430.8444210938619,368
2.991143330885554,348.73056694984126,453
2.9790517636418454,455.3069148811453,80
2.992696369113285,-495.3907171901218,827
2.9529552677552693,545.2565293163876,551
2.9860004983738913,405.87769224445776,504
2.956717039291041,565.9819370868082,199
2.974932599041289,-235.03619385836168,503
2.986507694917842,49.93518922550891,938
17.916758003347997,-4477.954344502597,1000
2.973770207368574,136.6513666204582,671
2.9583666528848145,469.37412892969115,490
2.9840336194228603,-261.50510618999954,989
5.354851163585658,-903.8212822195798,1000
2.9989400576673453,228.63041713200465,299
2.9723828442509657,303.0651161115669,327
4.043522579182982,-281.8076205607507,1000
2.978946322233436,559.732374573069,220
3.7919629530150956,-1433.752587736536,1000
2.982095439583265,228.04962601227408,944
2.990447227827452,-923.9406381219455,431
7.3582405970882,-2852.924166746525,1000
4.2893729922630035,-1859.5199847292224,1000
16.639659673020645,-1991.1420192591715,1000
2.987578435252345,-567.8343985110446,835
2.9665618863081265,379.7288360088007,417
4.887156174924852,-465.5079471737715,1000
3.92294863753403,-2558.4601019821607,1000
4.291451645539739,-2284.1079328341634,1000
2.9887283369466524,56.22676324493284,909
2.9978966667856737,293.5445741339862,514
38.42767595798939,-3936.5750899880854,1000
2.9737185265505066,538.6385899156919,411
2.99226933929479,149.47703447095319,502
2.9678357222438225,-204.20747175047939,979
2.9337696341845794,548.0811392891624,143
5.7343589104347945,-1227.5419290247607,1000
2.99471250769882,-277.43575662813635,656
3.755838123439823,-2159.561186903891,1000
9.205576749766834,-1455.7094533774684,1000
2.9829322898920094,609.5036260121391,189
4.137437594514545,-1128.0025128772745,1000
15.761114875625447,-4426.49741253451,1000
2.995939991143013,-199.5375001355235,431
2.9799559057290756,50.287391265973156,847
2.984440998533415,-314.79889939841826,652
2.994208562633807,425.97259473068243,678
2.9639499354411845,397.8007795360956,755
2.9850750906066095,-139.8071304903359,360
2.9851346411494597,604.372817193544,308
2.975745816129153,-1669.0168124781126,782
9.536375755215243,-2963.6641388438943,1000
3.1290057667161797,-2482.668848465485,1000
6.237649344776896,-2050.8578682238476,1000
7.091608696650903,-1246.8123145841594,1000
2.9688678398613373,-422.2299881602038,729
2.980711980716152,109.18307294829117,444
2.9851052588199543,-1203.8707449518251,951
2.9896589830844658,-162.16522405403396,394
2.9509763855938993,403.3351979566017,823
2.983025494266921,20.99692366174378,534
10.574132232302276,-3375.4720773769413,1000
2.97596616308588,165.37793166524648,961
2.9887668377009535,437.31874858219066,789
17.071738207696924,-1876.7305628559845,1000
2.9909791696057932,166.9999576382719,341
2.986953970770512,-950.2683855362734,746
5.152991875344406,-379.1373961513905,1000
2.9728595568412315,-958.2033363960184,599
2.99972877180561,-143.3108385492368,685
2.973374759549128,-171.82031817874474,733
2.983909475316744,9.993261727775177,646
2.994962496199907,256.59074577364726,633
2.997838090237271,-20.02814516050637,821
8.172752847695236,-2056.5309348631426,1000
2.9796196968673683,204.648745617166,540
2.9877697597699373,-1599.7235793263708,873
2.9776115876977745,341.2376164065415,955
2.9743277583442977,486.097797857873,23
2.9557841723107128,-90.29403251951067,637
10.156403988701173,-607.1411269552094,1000
2.991546011159111,-268.8559932553346,655
6.408354512871116,-620.9646021857694,1000
2.9871768718941176,181.88482201949722,632
7.89717162266319,-800.3233557119843,1000
2.9957058121588607,-1800.6449438172735,894
13.892661591300241,-2461.3217303916927,1000
4.403540311218458,-1851.1232775790422,1000
2.946959009692683,-8.432061213156487,661
2.997899006021769,-305.49425564927526,873
2.9881069767857786,-1040.559465211214,808
7.63579287446337,-468.35069401767,1000
2.9871739581858514,-90.89177595324668,647
2.9605293581108705,-114.75170469876878,566
2.9932544648445165,231.04408700228691,528
2.986076796622548,338.447309471629,577
39.00547327659247,-6610.76781275138,1000
2.9989852167698,196.13421735484627,544
2.9327922955595898,-682.5982272528579,614
2.988238716437957,528.4812376656851,393
2.9976005595021524,-329.6229338817084,790
2.969602055223956,369.3894247838045,439
2.9411679854777137,529.094369625186,272
2.9756455836834914,416.3318229660749,455
2.9918368535080413,579.8310074834891,796
2.9549547645110943,554.5272378159576,462
2.9637143312441157,-924.8575220177906,923
2.964688502726349,654.226984355643,929
2.997413195190214,447.91249273121053,991
2.9730827402400295,473.2695618366287,494
2.974629842317939,588.8990614575413,400
7.23816605932977,10.418352806886315,1000
2.9928505657862874,556.4550681992197,341
2.9814137106986602,-206.73225436961843,784
2.9871358664168475,489.69233606794086,696
15.889578181582733,-2969.2398552479417,1000
6.405836338110702,-615.029155682107,1000
5.280859949829844,48.17705928497414,1000
2.975853419392777,622.1939145758959,195
10.535767946954627,-2279.536018969794,1000
2.9649358876751903,664.5832200697247,351
2.997384124306955,549.447364633392,377
2.9519899374146483,513.2487816389669,612
2.9771709249038953,28.641834415909727,534
7.398000369641789,-2150.313653071739,1000
2.9738604295365967,-439.3928797698302,613
2.953730869074893,593.6487573159578,323
2.9732183595645614,423.1366671693108,827
6.610527365480904,-47.71288533900562,1000
2.9499605554536417,562.4753455036822,422
2.997460772408344,366.873998816925,648
2.9814414713549278,-384.9040764365228,387
2.9938967325496013,448.9133394192046,811
2.985738485739508,406.3443804811033,347
2.9665141145988088,489.925531838149,301
2.98826417423036,-351.010112124981,698
2.9918702405870268,606.576274576271,430
2.9826256061292287,-1282.1565525279518,864
3.3259798543667745,-1001.7804624134188,1000
2.996806644903025,-254.35552786586618,745
2.975651282224411,-2139.8529888670705,948
2.9709093064928616,585.6728648253289,291
2.980997431772134,-576.5072755679482,710
6.387675607374316,-114.68914928489396,1000
2.9748211808908294,166.15112688925262,472
2.958089062064421,483.0097692531113,199
2.973096081200958,-458.43006148292466,700
2.994201571825101,458.5733385944872,885
2.9850754761032334,357.07492510284453,501
26.959031938115196,-5494.562314006587,1000
2.985236950169003,407.101937044561,411
2.9959387657618968,315.23531500135334,608
2.9954624232763027,469.0635687284822,871
2.9277202688764383,565.8280586116915,304
16.936643207653887,-3584.537395674866,1000
2.9780711969749576,626.9018421784878,333
2.9974196554295425,493.5028196577439,312
2.970760513911132,606.5385159738767,398
2.978122956387265,582.5190690193057,477
2.9933500838155953,465.75760051401573,765
2.9638130894411447,501.3229037312781,987
2.9926429301613156,612.0626691017601,473
2.9581345115672693,281.25541603108707,381
2.9973767348477303,509.6009841836159,675
2.9902090914138673,173.1770488648001,614
2.9915183961259286,344.0057637848413,226
2.9894408762689353,-59.97882157485367,997
7.041627964419247,-889.5934400166258,1000
4.874385850715767,-177.38150760830197,1000
2.9711194695283063,463.1665836094137,430
2.9818011376688967,420.7705544662979,770
2.968565534056744,532.4818725620635,408
6.5802008336192825,-213.14359078480237,1000
2.9914285919287567,-345.64628916819925,477
2.9817919965036266,677.8538220533643,402
8.431287652250157,-1456.5386331409995,1000
2.9913176336192215,483.4745247035764,834
2.967182496393874,613.7293026168967,605
2.9910321018066157,504.3947419445864,134
2.9895198971600294,635.5978694756408,763
2.9687426924494407,225.25029838747645,742
2.9680726255320735,488.23371378601934,471
2.990728116543245,623.8948617987367,528
2.9641841752403826,487.29750863303315,52
2.976071183802518,595.1973434478712,329
2.9647474917765804,496.2485746357211,863
2.9562326271810733,486.86584690801817,186
2.9793189055065965,139.65898763676392,373
2.9869175939704924,483.5384383414643,869
2.996408269666561,405.7319025858525,411
2.9990460586188687,529.3812485267125,274
2.9942035381948267,529.0132746165193,191
2.9661322438163626,614.8362791155555,360
2.994147240784837,462.2605444576094,350
2.9801624647067015,607.9140717261962,598
2.9654405497985348,340.27474156978565,579
2.9840931251986125,-305.8482377783961,793
2.977795910220894,474.4080432061391,296
2.977196961915765,551.205094912176,208
2.9691515169359803,398.81269794691724,467
2.998114078493418,426.18928436006854,799
2.9475874474789046,290.62146964863496,415
2.9528518822332663,675.8032049942857,458
2.9978564703455945,114.90219578593673,659
2.942273859484092,598.7977625615345,972
2.957335264741325,232.58198443092647,474
2.9610078850602486,428.89701976394844,845
2.0654866266072136,500.0,1
2.996743987398719,219.06084473313229,796
2.940344770716783,645.3870738176861,571
19.690005537451665,-4943.21568757372,1000
2.9856713815294618,340.5827548055072,517
2.977404672314362,587.0691419487366,257
2.9961384940627784,380.74519269518476,599
2.9967924385560663,447.5303680583383,967
2.9405453752863817,530.6165304643079,529
2.9804557837008154,429.9214197871646,839
2.993911958157109,501.00084856901503,406
2.9893303506493294,448.1139893674569,391
2.9985136978899227,569.2224450094615,158
2.9546967503147687,466.4301400135236,765
2.9633439550438743,588.8396462517886,835
2.9858831277840783,-665.6226009920135,782
2.986037963224526,383.3011494481416,477
2.960846105676691,633.0464942841455,779
2.997913930961703,512.8776073263334,231
2.9860442882714113,590.7336193533608,230
2.953757230670512,682.9584581199498,351
2.970362210299527,568.8411262067696,247
2.9500569202328033,500.433039601657,251
2.9762733536830477,360.8705299877362,948
2.9273594278661195,425.5700514628185,433
2.998838404963095,552.0367949418979,405
2.975595206043344,641.9796309149117,428
2.9699815801320644,401.13499554943013,924
2.9939537026929206,490.31803773697965,855
2.9817513931138744,427.54527641835983,961
2.977946146816041,543.8780669457676,742
2.9725997042143595,364.09481672873227,951
2.969999218118659,-94.94777371404973,515
2.9832437687101225,672.025150516105,392
2.971477143457038,510.9701429008961,356
2.972117009872223,315.1677888193618,645
2.9896972155872357,573.7937927657395,558
2.9873005466052884,578.3577130730672,565
2.992597866233651,429.70811457336293,428
2.964313104352837,445.9842397951917,94
2.987650353440838,232.71054096063273,713
2.9984013219708228,459.40415202371076,17
2.941366866770106,577.915623168165,456
2.9909155636365132,641.5323300401753,472
2.9799164226279555,609.3919750792875,680
2.9869167444406317,276.8911759365868,401
2.9565806940733173,612.334380804373,484
2.987967127574209,-841.7024081058034,854
2.9371833625288293,671.0173359417947,422
2.9601754825902584,123.94508846486099,529
2.9967721027816774,627.2980874069277,243
2.9791536981007787,642.639016207741,324
2.9834071815599192,631.456466741161,497
2.972152208291754,578.827588051257,525
2.9385017601367274,590.0266106999411,220
2.9897064062255154,467.7878563155119,461
2.987927426425487,621.172556761893,396
5.725381357326833,-135.3400496676549,1000
2.9803404938232787,430.3656923712608,798
3.2827130776422897,-70.96405251405051,1000
2.99024610836053,265.60158270912586,904
2.9869517148711937,271.59235251462746,557
2.995998295576784,599.183801197222,961
2.9981535830837993,673.8928956249083,416
2.9944444875449587,-7.398647587899234,778
2.9706852043644134,539.8991772107046,681
2.9742736645371215,499.57112575822146,559
2.9902300027140725,357.74400733490836,954
2.987768655733949,536.6756432602155,523
2.990731505552718,320.33915730778403,653
7.493073619194688,-428.5674979628873,1000
2.988754505498823,448.02902907492177,489
2.995779548781325,580.6426741119349,526
2.993491388987815,478.08023533525625,434
2.9687248064670326,442.4954924463998,428
2.966995279064475,374.8626967768797,992
2.9934727136700383,672.8473962044175,304
2.959208978637179,588.7356640320223,483
2.9957025732237192,590.6615568602447,455
4.558967079187793,-69.30769053039916,1000
2.981099431825022,565.6832927103378,326
2.9904869465692085,607.4162782984845,314
2.994672988547152,430.54370019202645,953
2.961672929344808,646.9887847985682,473
2.9850569639863727,599.4839928806008,580
2.9813362733394007,501.90346770291137,717
2.993262735792519,563.7875715048198,842
2.9808406337841737,414.7317950408706,224
2.9986115578234807,550.5517351555312,487
2.9494867521512504,461.2880280843238,768
2.98463592977118,699.0261357611524,481
2.9986619929502054,-137.96148700043466,531
2.9876326796718375,451.09170463730294,230
2.9782397729533243,495.7475229437814,138
2.9560181420688885,634.248021277314,474
2.961056602487729,602.1166070192892,305
2.9847000601108316,525.5779686047355,779
2.9784799323755835,661.7689703818737,623
2.954337698902719,588.1686386535316,792
2.9891316803901535,557.3482218846794,365
2.968618994310488,499.8920168443552,388
2.987080950769297,230.3519276231935,939
2.9982316255544723,648.9455319590887,415
2.975528961684619,648.57388272955,382
2.977424532048093,512.2108761020122,795
2.9809351984801076,281.01678700426635,315
2.977775041529264,485.44764419814027,407
2.9764679617463616,496.0226285502677,260
2.9788081179987222,483.03027695652395,237
2.9877707994292497,652.8035056227634,360
6.234675942910656,-317.45526149452456,1000
2.961107273718956,483.1682688273058,132
2.955088083568985,474.3389653611504,785
2.9731840032569896,-465.5123974483903,819
2.9938515809376827,518.9665591181722,610
2.9950130202441327,569.3856808628146,351
3.3164237789342423,-28.275110184119416,1000
2.997194252131471,576.4980779925971,247
2.993455135430432,508.9076227247956,699
2.978877210215062,644.978844338626,333
2.991141126102219,577.4797076511444,731
2.957157932479519,568.4937860562449,226
2.966980277663849,575.444448635247,731
8.58843899507141,-338.97246013050466,1000
2.9598523332914892,448.9520382323287,938
2.9264308069166463,487.51746484737106,733
2.985043227482829,418.01343960985025,274
2.9686610733090375,661.9435119848396,473
2.9598427620278387,442.11922696880396,452
2.9893922881279593,328.126767220579,835
2.9406681670911703,570.2367079113567,177
2.9834691221503937,575.0668503245862,627
2.948839457199373,713.5685652388021,496
2.9672675137630526,452.71541435132013,990
2.9897205925185513,568.9008634711646,701
2.9574059588220116,660.715695272746,691
2.958318508258963,511.6822875572286,322
2.9819392793465695,548.242337753628,498
2.98384074368756,652.0748818478633,270
2.9896440032994667,650.2474966096913,603
2.99971310848561,560.861467475646,244
2.9422611170078987,594.6257071893046,333
2.9786559946086033,523.1111770801836,237
2.984997629639576,505.55150037044893,478
2.951369413700494,37.60805749352107,578
2.983199472783181,589.6662241683836,578
2.9905243110293083,672.4103917038993,491
2.982075653012221,551.3608428149494,402
2.9565667462425966,589.6661549351558,159
2.9943156407038782,598.9327104223775,261
2.976832732402686,-314.0770550013207,639
4.663915010363281,-76.98429119065395,1000
2.9988952049740347,423.2419946175771,380
2.935274260747812,552.2337247172064,234
2.9590261801419095,491.01652071930494,566
2.9995453522110007,582.4629407826394,248
2.991020203567453,426.1909544742015,713
2.9899612740950903,513.8556300319846,267
2.981597122618481,301.08186234646007,658
2.9704178588081294,452.24538832017436,963
7.06401608700865,17.499084180399148,1000
2.983975395484761,35.39685123565425,441
2.9804803413560457,638.3716772381018,289
2.9870730576001527,601.6872678940761,267
2.9936142282377785,568.5959462318536,794
2.985578054319389,162.83120888728604,435
2.975424856828457,720.1620503590248,638
2.968389318200442,653.3571673590923,599
2.9674658895424812,271.6664149398231,210
2.968720074908195,444.5822618696989,303
2.9535058041940907,665.6681265714585,382
2.9820918951737476,245.27794911124343,569
2.9845864492823404,610.8927009668736,294
2.980427926171068,499.4190496656939,26
2.9864210728062415,532.0852001849171,53
2.992623867270649,378.0104616811843,465
2.9719059925531957,146.23802053878813,516
2.992429648564429,577.2411927594927,945
2.957791600965074,569.4515201147921,178
2.99961918797182,618.7123459128618,394
2.995972080641943,415.5734655315395,218
2.9829249597541048,446.93863761382323,507
3.039969237683539,-433.94984329512624,407
2.9900593727781124,558.565961692176,673
2.9769059841394636,604.9744610955466,539
2.978813823807487,624.9948736560218,788
2.9996012642239425,630.9418102320369,367
2.999412568973425,665.2671361615376,519
2.9588512467630776,589.7555560652454,140
2.992447136627425,280.6048196980761,204
2.9818215084713553,637.0282955743567,742
2.9716136516317873,453.28911995936437,217
2.9819656487898576,565.5931649904915,852
3.4923501730005193,-34.4135866651778,1000
2.988738342164213,537.1167288256516,905
2.9739479882767674,561.6021258754726,889
2.9519717900161426,702.4485445316266,808
2.998026200796435,400.5619249110239,801
2.964807097636246,561.586605183958,375
2.994257773703489,545.6744500943345,464
2.9909931857815892,209.0182623262849,516
2.970863515765163,543.7939524384192,86
2.989312770484498,652.8401873802693,877
2.969851767715391,289.3726245103129,985
2.96871241191254,625.8511647269158,723
2.9982251275440315,649.4989053157205,489
4.661570041804112,-7.526397734774551,1000
2.991566445575796,600.7956430260754,507
2.9430314938842326,611.7839833152858,371
2.9805803295516475,387.76726486204706,806
2.95685924126405,634.3357287934269,392
2.978446000410331,520.4273381784736,317
2.9897250168320695,436.6118300276884,731
2.984405380242829,669.8674800105281,684
2.9821245537730867,603.0716854634178,683
2.9885260967986533,539.8698801269577,421
2.9885305162036926,539.9421474779529,411
2.9663590988652886,335.3513734473364,410
2.9387051780434117,583.4730224607586,280
2.971188287851584,680.8115745116562,321
2.987350314271721,538.3962077980334,865
2.9973228014762814,705.3573677276634,596
2.9922885121901284,564.154882594199,193
2.9976323782899033,694.0031408158243,528
2.949410720718594,660.0954242951196,749
2.9940931451212482,680.0247782253373,448
2.9526542778646507,642.5690062461797,420
2.9934275408114415,623.2914494892738,325
2.979311903152909,465.94899087860904,451
2.9943413333213567,663.8662438054372,276
2.990815415208143,491.2883706803378,503
2.9984647312667465,628.292910813305,974
2.9848722808941766,649.1805555216545,306
2.9748821576732767,643.3672998589878,941
2.9960003618821234,600.4822496700212,859
2.9903354016120467,262.2472678596063,548
2.979048413097225,576.573299999532,359
2.9666407688294796,604.3672234911047,273
2.999224371361405,524.4937389312842,995
2.985939836885025,616.0101758957558,793
2.988940835258412,589.5800396435224,521
2.9933417920333123,519.1378118587359,186
2.989690214101333,578.9402423045447,543
2.9666445684006715,595.9404590361783,676
2.9875326133057865,579.107336721894,498
4.415739697126253,-1526.905582157071,708
2.9513787091465664,616.359310476898,254
2.9796878242957865,401.0121035820217,569
2.974998103307201,555.3179414771164,777
2.9821425611374996,473.7918802026141,870
2.9736261170956437,558.0482681946457,535
2.9935083734080674,580.9366701835088,478
2.9675582151527093,589.8165558016948,315
2.994349239352135,513.5043504061996,352
2.9595534174098312,580.6263541326625,246
7.7576067342650665,-455.35923940849915,468
3.309258163580432,-50.19477687994087,1000
2.9765009502923583,607.8747529791552,253
2.9990499737518705,462.96494275954336,937
2.978881067755333,635.1913712033659,385
2.9483695094670113,710.2872516355608,397
2.990748009997292,632.4193638745655,596
2.958910724491198,337.88835872440455,383
2.972966629391694,252.15167071192437,586
2.997017247613201,664.8916063311158,855
2.9679159505788295,644.589861703937,302
2.9761469879191496,644.4587615088797,439
2.989972984842346,622.683472636358,371
2.9712603683513588,556.9074383509364,138
2.969780932175081,533.9737326259298,807
2.9997675054047237,616.2539861774512,317
2.982037094195773,681.9142816410307,437
2.997822597909733,606.6442951490003,918
2.942308377331915,616.8886645089195,587
2.992321716414689,634.6520375766679,694
2.991776382305971,517.4457919233058,932
2.977827344249444,509.7471026867737,162
2.9879152023024598,345.85279147530304,511
2.99643490231977,579.9990878020669,226
2.959374416153952,220.21560283352807,776
2.997680861454246,584.4176072889549,267
2.9409816153793584,-845.7976873818677,362
2.97253631975493,594.3001685939644,372
2.983016124179676,665.798329705467,478
2.983694425496166,543.8560857989345,926
2.9496302675430215,657.0179553169628,343
2.998121863133608,595.1887598628244,265
3.229563592570942,71.90714367748998,1000
2.957895225021977,579.4121518161063,320
2.9951417064334205,438.9394337902924,321
2.954272070306299,602.9795961399223,414
2.933199018818577,604.2289203625513,340
2.9704205272004924,623.2737824162514,942
2.959170991423511,582.0254472704364,565
2.979002067589221,601.0785756477383,252
2.971852035630585,557.7781795956557,343
2.9655754127789398,655.5949138672527,970
2.9942710341435292,661.96809326879,617
2.9937136780860145,534.0315868665108,346
2.99799719839704,532.5867059908641,907
2.9970233362295504,680.9999407814885,728
2.9894576702317774,590.9018734308746,413
2.9804195229240382,599.0343609377578,251
2.9921921941792817,519.7147782067417,916
2.9943121617911252,589.542907171285,665
2.989795289079408,687.7829547495354,436
2.9661152514718614,531.149193030365,598
2.9864109787674957,487.6805538474333,110
2.9569224342864215,552.3394059650816,791
2.9600603128781544,671.0176705712165,414
2.9884493475214047,651.0054305229372,360
2.95117253384626,575.8844450733608,489
2.99797163848456,466.6829747319356,792
2.942487926272186,633.2476953568251,259
3.310620645655011,41.70502601488538,1000
2.9946416751984297,670.6702924705387,999
2.964094149945024,525.7236149831742,348
2.9984736663174894,547.9557323084481,529
2.972012129192239,640.1917571798504,395
2.9850398150812545,349.59553476774647,406
2.9637554984989793,610.3408337191702,555
2.9931762664542254,677.6422477314986,441
2.9944183693119513,459.0938637587004,856
2.9650204644705407,554.1842322819978,419
2.9830671875608203,576.5176219407122,899
2.9734022199570656,312.6993518909278,494
2.9733622277271037,650.0356590115073,277
2.978341159137848,495.0893439511343,386
2.957858290843197,180.26656398761543,231
2.991494398518222,582.7518324335923,388
2.971053235554061,652.0824486021252,426
2.9730342152847467,515.6011661273174,120
2.990862387904439,622.5587620692991,223
2.9894705467509484,587.7924545458079,379
2.9733667050287504,658.8578123765849,297
2.9692236671368835,655.4629702269334,269
2.9940415501077147,517.7628106828897,222
2.993263423185644,419.6975292792623,938
2.9544431520973857,650.5740657072535,343
2.994213405856492,645.1413479662023,577
2.916054169174759,559.917370827856,234
2.9846585464147384,591.1052412110339,456
2.9966625214934526,669.1484980243129,426
2.9975392188442433,631.2708418378858,326
2.9487390789447,671.025482499583,385
2.9791239221542325,654.193579484903,539
2.9528612801109904,612.120025507926,348
2.998861218866921,654.4086007221425,368
2.980410509144444,573.018707891555,703
2.9954212719052102,543.6103444793612,71
2.9849754667849653,548.3166656975297,564
2.997532020331966,551.0289434189631,81
2.994392360292488,676.8210008240351,514
2.992605402378302,619.6581374119245,410
2.9500611280975138,557.437872809769,656
2.9924413425676377,582.192881160986,784
2.9847332103605706,612.724698832402,232
2.9938445038001094,618.7605455161934,347
2.987002369118175,530.5120690009755,976
2.98722235319386,600.6080598769784,253
2.982536755725623,551.7008923084012,916
2.9672563664993685,513.0693561140614,614
2.940482408609191,624.8928775151102,207
2.996208550246142,676.9771091084071,492
2.995060466813595,594.2304901563532,793
2.969828447224698,465.9613344758047,746
2.9854958644053786,438.58952484142446,363
2.970857857830461,588.6528678088664,400
2.993878166209717,565.8535504358379,402
2.9517091310965946,554.0632243175927,100
2.9592183655085234,516.6471442416039,696
2.964323378582498,588.7446706509144,322
2.9628827740397496,623.7340533287863,278
2.952507167531889,638.3181439685515,386
2.9859788711513264,555.2454388201298,522
2.965646982193998,557.1991211064509,483
2.989449066183182,483.65454216339805,436
2.982314502677501,537.187555410424,339
2.989207828496263,556.732669281707,783
2.9289735268188406,610.3540464390735,222
2.9405309673217817,652.6408068715331,344
2.9875427402904795,618.5319560809746,491
2.967582615704862,564.0529320420287,299
2.992771345815032,573.8522373074371,691
2.9886390119770163,459.7766052367494,696
2.9713860147887448,603.6284229134567,936
2.977402214996202,617.4498580702101,305
2.9795589662615254,574.5528142106926,210
2.9953112148633187,676.2963433162348,496
2.9698412600798085,637.1510217316546,331
2.9379838063474235,469.8777496315104,268
2.996438451729159,658.0938837623451,470
2.9835181736559155,618.1164814627434,822
2.9926312013725607,696.428844155736,400
2.9912644182468595,545.070146763751,148
2.9824813020038423,628.2643893477106,684
2.970349776693248,618.681997314131,683
2.9512898432508226,660.9556983443704,769
2.928021552787411,618.4607897658867,515
2.9627720801637185,648.2862823812275,386
2.996125757999908,588.713559344873,818
2.9998227116959972,125.24819378012705,824
2.9597834245808436,354.3177346890643,426
2.9728266115038773,546.7253517513741,141
2.970032676783107,535.1934435590763,397
2.9595777829958383,649.5987814108364,733
2.9778332266969425,669.4999797743062,384
2.9703071740261495,687.5001060857293,469
2.99227683862926,606.8375595911328,223
2.9945868241320728,709.5335519724849,575
2.954536388326699,601.5655365584362,337
2.9584465608554726,681.1404145839165,458
2.976634643474866,619.1424507628889,588
2.9958083947276295,526.1974472648949,818
2.99135397295429,689.0057409150431,544
2.927728312435837,575.2893985924526,231
2.9927375355062984,419.9128203890643,950
2.9922073923749553,665.3721301251758,368
2.999884910430919,518.2736503170418,178
2.976274094065694,634.8584194328628,244
2.9816068563702904,570.7022437258315,184
2.982879943844411,639.6343115116798,508
2.9977135739133725,599.5853628859212,561
2.9576649219426363,466.6227744137468,292
2.9712549952528757,575.6900024532968,525
2.9571828189969964,412.6205900031702,702
2.994015764289153,671.3424374504284,345
2.956641425521969,621.9423090887731,239
2.99725036377793,496.80751385132083,936
2.9655349892382024,576.9091058136238,632
2.9832868396141556,485.7674183535561,942
2.9781562566837465,573.2089510714289,363
2.9604836347674035,301.5448290355501,486
2.9981087471387973,529.6719001689137,326
2.9882294109768823,445.9194571381758,883
2.9975685384772,556.9295796229712,324
2.9873340433452498,243.109396784326,592
2.97600381962391,704.249485165224,722
4.961506976139783,-195.96080671173326,1000
2.958166383478445,-115.22885661183795,722
2.966237494656751,659.3759424261841,496
2.9708609746210763,556.9866807214983,551
2.9684827102820357,455.46452663378267,951
2.9556213304040044,673.9085753840252,384
3.025337774198207,-1711.110488326786,843
2.9766839946867654,579.7468939607617,963
2.992271862593905,607.1377489471927,807
2.9676533513687655,539.7444123884765,771
2.9973381246586444,644.1487830589374,417
2.9200600994330026,-662.4139148009419,753
2.9786607587144913,541.0324901752371,145
2.9914594950869438,508.65763621682584,684
2.967653874821894,661.5372333419102,318
4.2049051780343705,82.24429467761794,1000
2.9736524298916582,615.4282727004259,793
2.978210096039056,559.716923966431,161
2.984648712565625,692.6813358776617,389
2.9929978397033055,646.8929962624362,530
2.9786114224038007,523.6070474804674,574
2.9556422933112936,667.3727656342968,458
2.9455498748162383,530.846930886333,585
2.983004754733192,536.5263895463858,246
2.99647063890689,605.0216478394264,328
2.9943125025222463,627.8889115030955,279
2.9545128199611272,642.622552871061,326
2.9979540285296733,40.157720436467514,537
2.989954620635925,587.3169080482966,255
2.9680836419022465,504.7974155775711,272
2.999333044364788,691.1120140582118,905
2.985600710457958,561.4458881356118,168
2.993339049527738,602.0645402660605,842
2.9649690562247444,641.2841247112144,288
2.9940001780518446,539.3225246964544,197
2.988903038793263,490.7956639383177,764
2.9754295196519003,599.5549589119013,173
2.996727428765156,648.7911313494412,330
2.9971241115847027,571.1986970882956,947
2.9539487336406585,-26.741623639177647,587
2.9805830381898333,691.2510419770865,417
2.9848059074350894,695.6842017292256,385
2.9550334588983875,669.2000031828455,326
2.9988386173866077,570.5986280307106,892
2.9956604685283925,637.624414663349,253
2.983188854953943,584.2436107986005,670
2.979246980676943,548.0174528592909,279
2.9843007276155147,600.9839524305269,723
2.98233660368201,481.5271303264998,531
2.9515541983720293,650.2635233130065,371
2.9942916533358557,530.918629361638,601
2.9968852483196677,615.1956731132078,300
2.996336621617263,543.8550424073684,362
2.973829049247412,198.20468797077297,673
3.0353321600114507,1.8402704354514938,1000
2.9539319564443214,575.5761804299813,763
2.9671941328287947,663.673916448842,414
2.9482352313389026,576.7717707376902,135
2.9687663097654813,581.7647923332004,671
2.977499356785779,527.5020477329973,106
2.997304082744806,691.5272804954047,591
2.9919915908524644,572.1044437414781,339
2.9813209542449535,583.9228526986631,850
2.9976628814271034,624.6002365559339,358
2.9932349114724364,638.637865359168,383
2.965704907397322,707.1573086266012,504
4.1103585471400095,-125.752386771955,1000
2.9862336294390492,583.5458321589946,150
2.9893368417354136,614.7279174687562,413
2.918897591841819,298.9743937681831,733
2.987033470775754,689.3340736474693,642
2.9899268196728084,-505.9005196047932,641
2.998980284062413,697.1900492373851,730
2.999574675730515,565.9285578104611,372
3.554730035187129,-127.86711050350758,1000
2.9940593692877226,638.2826573772536,374
2.982763206226943,516.4389261465125,746
2.9480956010258375,628.8390757730456,381
3.254092029582428,-105.64967227971417,1000
2.977143973342578,582.9594786503962,406
2.9719472079422986,604.1460621335052,451
2.970118493398401,637.0345372431823,394
2.9769034420440956,324.17788778793215,978
2.982553230283857,-334.71102413591177,606
2.979411515080248,616.242239034008,233
2.973231586698049,643.1452908464499,652
2.9765966641597768,600.6525574910256,300
2.9961115794786566,541.7692663784184,753
2.9732289503259635,606.8565256826216,818
2.991072592159987,583.7671574819944,880
2.9714151236821964,596.0957334483982,523
2.990508684438326,678.4224224670274,559
2.9980712959830305,522.6988789704058,136
2.9882304914040336,616.5879019368645,295
2.962424872240092,650.2435050006181,355
2.979910324229985,525.2769603177647,948
2.9956927306635794,-117.71250772495989,696
2.987999960101369,570.79856741474,293
2.9925455564242984,681.3633803750399,397
2.9760732646244397,634.535241997442,224
2.962764053745713,461.52417960450225,879
2.991668873583284,640.4782031744963,920
2.993429591305315,578.8469720637743,350
2.968703004203546,485.19101421316526,109
2.9963499008720276,643.6615815295823,271
2.9905550806983108,361.71314317357513,972
2.978858269226538,647.0043536209007,350
4.662387932080841,63.22593037826131,1000
2.9939398567629216,660.8724257312358,481
2.975901873402025,488.4560773296188,934
2.9649967342613737,510.9772640721147,681
2.960799646491973,550.6336911262183,180
2.9487121503528,654.3655604671534,285
2.969645082579437,664.9157119627782,698
2.9808558934844656,648.2394063633049,495
2.993248780341874,637.7543472646009,313
2.965009148295775,627.9557727015434,893
2.9324978471387726,587.4220742323857,201
2.98652797555245,678.4775189916045,859
2.9477599298983503,630.0599654330426,464
2.9968623264837406,447.6487864473719,143
2.978785639299204,577.7245347167901,119
2.99996603065964,571.9371244116611,159
6.130818084219152,-367.81684990043635,1000
2.9884547498483087,655.3679454697775,403
2.9953720419259517,624.5957101903076,399
2.990291092476835,648.077466916226,371
2.97015100737583,421.16159349050685,327
2.9664418208350276,650.9157602565351,280
2.9842803472338755,681.1025332159187,493
2.9792961290955042,659.8741200120963,335
2.975635423302896,639.9897412259844,292
2.95812562823696,580.4858299824945,651
2.9903453078967615,614.036503280012,848
2.9812695689155024,565.7918569913791,723
2.9667234482202605,642.0958190112694,454
2.967736626386779,598.4533082031675,387
2.9465188555066937,598.4459697229711,424
2.986065211564852,574.8793050838108,250
2.9808846559710926,-718.6260593069637,802
2.9842236947574463,657.698803164046,358
6.598832721525347,-2320.0000723067037,1000
2.9696259387504016,526.0901850368807,169
2.97492760055284,657.3552575202597,255
2.919786452588217,686.5116115980941,571
2.9454221340180244,588.7998254558843,496
2.97933680854781,681.3565012191283,682
2.973086953722869,581.1954952304477,584
2.969883768136542,677.5599550596925,407
2.9459003100263312,536.792767226894,338
2.956573312841373,515.1844790348723,488
2.977582429255737,603.1130687931759,294
2.99371996501539,607.0321132325532,192
5.974527779767514,-295.83946314078327,1000
2.9930875153413767,639.0102818958087,281
2.9253226059781285,515.3438598683846,258
2.9942941157067287,567.7839666238341,349
2.9672800285134584,574.7320816760445,101
2.9919471926541585,653.9468822269881,365
2.9907243122293887,650.0170176102687,428
2.9802675465587978,603.8546263131365,238
2.9432173361273453,642.9266804201982,492
2.9633011381773833,473.16045855649435,831
4.630599685443763,25.353049039759515,1000
2.9686507251690113,594.3284186108507,341
2.9871383119070543,607.5745064024729,540
2.997218125377006,597.1632697221385,706
3.716738180735212,-609.1984235957707,363
2.953092145788756,589.3530128135546,352
2.9971639722375296,589.5319273003461,142
2.972480898416856,639.7005215351139,319
2.976290229171833,617.6640944391061,732
2.938089612800695,665.5735907120433,360
2.983555257161827,537.2919124834502,849
2.9954307013917227,576.4123203580615,414
2.988904904385748,514.4316308301702,960
2.956212670512017,588.2470746318447,195
2.9862255511400355,583.2494199472638,294
2.9991211904587076,647.6819235284509,536
5.583437284530675,-438.77762442460306,514
2.985562875252812,640.824127821837,499
2.967198384240626,627.542373818963,692
2.9632230912754522,707.931910064452,708
2.965823079694282,650.6656973278689,536
2.9650301886105535,616.1450915786098,235
2.967943180119202,483.25975882095815,444
2.9381902923711385,614.9456133264695,188
2.9336677802725832,637.5381070462741,272
2.9454275843333866,644.2799294576856,436
2.988065076607956,449.94034103038854,937
2.998283099551073,632.0068094490226,263
2.978606399506033,555.4712782193717,858
2.9995578939458913,588.9845526892018,426
2.990529173378044,535.1454603078425,727
2.990615736005442,585.6059266178838,893
2.971274812410723,610.3275816159651,975
2.9740233857132066,600.6927756891705,439
2.9477698141505457,547.6426714477319,811
2.9380328243384866,559.05554495751,92
2.9527169685772128,609.194344931015,285
2.9683423913716807,461.33491890965064,949
2.9872426476985043,600.4312490328998,302
2.983067170163583,676.1902086201542,400
2.9803996975805878,323.152639985569,413
2.996732208248401,667.1338217644337,361
2.9810510211978505,603.9923236047235,543
2.9574302527046563,562.8151406288185,166
2.997329428618722,319.78766218925136,361
2.9639995244476625,568.9991249992243,335
2.9717850771049075,669.644406443883,309
2.9584070383884122,694.8405154255661,386
2.94866488843102,617.1922482976,359
2.9841736182484295,684.387684916527,717
2.96873101355053,672.0380940843137,402
2.9676648497469382,82.38883451555,516
2.9824967607612787,470.8555172958051,402
2.9858961649590987,681.2255937933814,324
2.992938679990199,503.03714709196396,298
2.9791663718881702,636.9713240987423,345
2.9206297096830838,650.6915122303274,474
2.997194798792079,339.96397060833436,890
2.940615420477973,728.8868768850907,644
2.985668938545023,421.294093671626,581
2.958876415474881,660.0926720548697,455
2.9539916868291716,639.4001165589284,316
2.9714879848707683,633.5558730756784,508
2.990719068855044,706.5006613708491,714
2.9618273158414783,628.2282470327558,882
2.9858998391493587,647.7778798960958,507
2.980068149974568,207.41989764369714,343
2.9940617423187637,536.7503655407061,620
2.9969413654338393,536.3718646973457,787
2.983583258005993,36.252271899655796,429
2.980765718485139,533.7243763758258,816
2.9516204177817453,662.4985793602924,457
2.9871487333651476,514.0031333710473,324
2.9676998125893777,430.68488466220856,948
2.953536947067657,516.5369322122776,530
2.99015940677071,531.3651691711598,54
2.9970977792974733,604.3592222383494,333
2.9519267447591186,646.6644983901155,677
2.9936490883748803,570.1420553974633,125
2.9860322839783513,588.4737876816505,122
2.939577974985699,507.02612286583116,622
2.989873777750454,448.34049381585095,711
2.975630374967813,453.75167527497865,939
2.991807824538372,699.5596324783355,546
2.968842409744226,564.8417041516266,644
2.977295745928048,480.2300087886469,713
2.975136821897439,669.1968034537983,543
2.9917521228588817,665.4548649005593,580
2.9944428997047816,691.7362757056446,411
2.965928327536155,682.21230749755,509
2.9799431295675967,627.2885301592586,293
2.9598984623390896,662.4445750946388,283
2.9800546207931835,593.3308958342715,772
2.971372420042066,611.9981313765505,302
2.9722745407067,473.9346259009648,337
2.939391834355143,675.8363353906411,288
2.956290579754154,522.7359061876341,542
2.9975868467109947,641.9892828904111,323
2.966922407757664,623.4338243381064,361
2.9473599507842887,557.3377118303524,138
2.9793552848219322,473.10169793634964,310
2.991814260146398,617.3534644056275,655
2.987849431181516,494.2645234306199,884
2.9764835753085177,639.3104774115504,302
2.958428911074048,539.4209167448107,946
2.9090053780867793,664.196991262354,312
2.9694733114445975,596.1479717737664,355
2.9465115335910266,617.8254393662592,543
2.99194804337432,486.46102035169145,678
2.9971399608632097,536.9379365542403,844
2.989907422165825,496.1159236524826,927
2.9855920967169585,663.2261282407582,776
2.98443953632325,563.4751080503712,274
2.9694277802736755,439.83243026201,675
2.98070604625475,523.9541626297724,437
2.972440807100185,716.0115319525005,525
4.384780677486491,-92.20071738478259,1000
2.9792990864580684,545.1466272367271,759
2.989297727624757,580.1595180178758,723
2.9706720526173567,602.5788715756022,826
2.9612690145009357,548.703617469058,776
2.974308031900422,645.459027941748,317
2.976970717622395,643.032240421892,269
2.932154672574955,622.5345428456989,338
2.9557376473111514,655.6147188490639,310
2.978746852370533,634.1788693971152,483
2.9707653172077837,692.860391979066,439
2.974812708477959,654.8888771677089,297
2.998547849950575,469.0412464894166,535
2.93616018828662,650.5964012784868,662
2.9957712368195053,658.3387950145639,348
2.946574930924782,569.6377279493782,285
2.962031143878652,687.3534194718148,338
2.9416540079662563,625.9276610139167,254
2.976441399956096,527.6717778796276,279
2.9558348824908984,578.7660354138369,231
2.954414153058063,690.0903599954654,527
2.9721295466350814,627.8845315459711,337
2.998608030166473,590.5590570376253,614
2.9541901524088887,610.329042868815,280
2.970683754309346,594.1664166381585,416
2.963913469735424,458.0512677845524,617
2.9980629203138327,503.72942406368645,349
2.978277661108463,548.6807869508848,551
2.964785391732584,274.1197244479648,421
2.991305764048901,560.4514577734767,150
2.9846048867912987,446.674937234173,657
2.993634461740037,651.569654911596,323
2.9677127263543857,728.1803821074643,470
2.9938584986322003,632.3691799317336,314
2.9208216784746264,645.9780597672113,278
2.992988300792531,564.3560340356972,981
2.997785766604899,556.919008518455,325
2.9695318391808416,641.8998527180927,465
2.9578383857380763,636.8154911018338,356
2.9787914232194974,623.3747539097891,200
4.7530567124825485,-153.17285083929622,1000
2.964704076339474,543.9894895173306,749
2.976299476374159,666.192887260548,389
2.998569974582988,674.5892947977485,505
2.99599519683257,580.6612357172111,366
2.9662721825295253,606.14995952679,235
2.9911842177900985,696.2744260060966,410
2.9825831466892576,666.486395804211,331
2.9568817295387215,578.2259290643635,890
2.9490965342682016,667.4873488918915,288
2.928585016654119,592.4121548238227,308
2.97812380810968,590.8577458911499,947
2.926679805543469,655.7984497676321,352
3.4152197095024084,-250.41430467343682,1000
2.94494831234511,632.092753520231,508
2.986040681277246,515.8807062784566,808
2.9768724137873956,571.1032997108772,550
2.9813900981074086,581.7881838106526,876
2.972438480805545,561.4878669459157,769
7.563807311534694,-258.9504953156752,1000
2.9552750644216164,614.4227506429748,832
2.9959649475295924,630.3573349512174,219
2.9719583037902453,641.6094621959141,260
4.941048543267945,-42.59733737616048,1000
2.9932773089076337,656.4009274088426,784
2.9882727124865927,392.55583613763014,946
2.981802657350554,681.6498369867099,654
2.9673059029698425,528.2870891771165,408
2.9770014069213224,194.41001145969773,246
2.984844187040209,643.341982577265,425
4.434046393156439,-0.8004284797045996,1000
2.9915324097276907,596.1556582001673,317
2.9995350627406667,427.60889252341764,843
2.9791316762511566,626.1619870737002,805
2.958595049364111,568.7148921015971,954
2.961023738806162,681.9970964391182,442
2.985451239168498,504.3181257020449,19
2.9778509582316386,658.6176142741399,545
2.986238633032765,603.7217947804421,529
2.9826862311991036,520.216850684511,143
2.9829956570971676,662.550784980511,494
2.981940420058811,657.088181305886,456
2.995992486340601,469.13293311352106,953
2.9497871567372105,495.76677589588195,357
2.9695940190295027,415.49316466239526,575
2.9791542490180474,368.8727173321597,981
2.9932122614397345,636.6036059374803,354
2.9938727708648996,660.2770806621754,703
2.994075805238701,654.6839414422768,411
2.9980077742645648,577.9187394925891,916
2.940984977099097,602.0392442370304,486
2.960039235719905,574.5989757909763,101
2.988460901360076,642.8717129529709,369
2.935454845990544,583.772807129351,258
2.9930771113151766,461.0813241813085,857
2.976147663116868,642.3796335371533,793
5.4617294849215705,20.6227067946068,1000
2.9952175629865496,651.612078217199,314
2.991381511978904,574.7324941505385,822
2.977668292315653,563.6803571955152,240
2.9806564494798757,590.2299166860139,342
2.9859889892095515,657.6524443118516,319
2.97230615102048,517.6977916409955,685
2.9820770810284327,676.1256310993608,426
2.988839817616625,407.774687948383,965
2.947616666300785,585.2273333596278,318
2.986908379126065,635.8257457424525,502
2.9960778494508036,669.803701158241,721
2.971897345299545,527.1375504196204,845
2.953109363303209,610.3329304326336,450
2.995839099373873,570.4464933971261,110
2.9919662341560826,606.8942317365204,561
2.9926155938330017,681.0160603916307,355
2.9569020579050806,561.2479287692001,243
2.9912587821519545,704.744079788813,555
2.982521904838147,637.9398263944281,507
2.9862006231787093,485.6277842592404,478
2.908862212387448,550.014350792078,329
2.9817271789416964,497.32059183426065,399
2.9654036446668304,589.0580777826734,712
2.969694224925401,654.5592879571567,320
2.9830274126221754,428.77484895969894,465
2.9881965515312907,640.2405991027211,623
2.96628080176696,592.5102143661401,819
2.9587596487531775,324.6876793761986,217
2.960607561464599,670.2431786135614,510
2.934808508913568,545.9642842248186,290
2.9304915923527526,514.5908506394222,281
2.9995695719010134,622.5704917622015,687
2.9701338769487493,619.5297842825961,187
2.975993287451937,647.0139922370918,662
2.9851105422517135,654.86907439532,650
2.967077313423247,643.6844477898408,240
2.9952209399794767,414.55026528031107,179
2.9478868785182013,631.4394429264169,534
2.97603706012652,565.4272158755904,865
2.967006196787677,657.5499233812759,530
2.9596934522146827,705.7061680263979,500
2.9646150735028063,635.4371261184874,607
2.9898251296022504,650.0147422346639,326
2.9469268800463158,546.2785796081464,246
2.9796097088014646,615.0445246473312,393
2.976354385741329,586.8156546535605,259
2.9844113021615652,664.0518839946947,905
2.9708230960096977,479.94886233619434,248
2.9639186203381302,473.6501881037819,773
2.940528141657189,610.4649323089773,852
2.958810083980159,599.9655354940961,497
2.9767031921868456,638.3841030665443,278
2.9264753129649486,616.1082094190336,341
2.9664236054111868,584.7480473734208,436
2.982762540004392,593.5046220372546,465
2.9634983325368514,688.4467793227955,417
2.9517585815850764,586.468618277625,695
2.9754316069011946,697.2741000826041,619
2.9688737495438176,567.8325420357961,579
2.9945994569922307,516.0012196168653,201
2.9419422813971887,660.275882262356,367
2.9532099760323205,527.7599835734719,591
2.936975368373932,652.4203025597247,344
2.971443532186382,482.11352873180783,948
2.9676295901491176,625.5353164016783,665
4.983906773745562,-69.25290696110572,1000
2.997645081547698,653.970816648869,794
2.9578940494124035,630.1893544159643,241
2.9968434001972173,674.499335153227,315
2.9924277603187703,579.6537225495784,810
2.9964433261182686,614.8769741195762,909
2.9921261834290402,703.4259096259742,443
2.982594934560177,683.2256781000647,503
2.934392033250547,614.1520655131295,751
2.9816203978911076,659.5392697607143,401
2.979281227522452,644.4681870479387,333
2.9757451449805026,619.2683393848498,276
2.975219130916339,641.11055020445,617
2.9707026476508305,575.1145516123577,219
2.9326409468088155,477.1840599362283,81
2.9841213153515604,541.3712830736745,427
2.9995404329461657,682.7122873625253,416
2.98705512181115,665.7583041246136,634
2.99656655524299,737.5365623258363,706
2.9740429272037865,560.0981631744102,759
2.9502999482422387,600.1818922436001,154
2.970474005710788,644.5442087472318,614
2.996609463517648,507.83360140008244,271
2.9395116107970036,653.634857813483,340
2.977277950395391,622.8041003745652,393
2.936394764016606,590.9342639018809,601
2.9957514585878227,664.9225110869962,296
2.9811342586942597,649.3730048197588,326
2.9089263442183557,620.5090068343906,243
2.9924715323528783,129.72888635384766,765
2.9395694679452626,658.9927736368916,307
2.9766781915209464,584.2705121009169,173
2.9959993176360213,623.2663015958965,421
2.970219586664719,629.9703351298488,914
2.9898962654027303,640.4929970589814,335
2.9733510796697424,590.3922086314869,501
2.9590293978553057,474.62477150807416,321
2.9533547201564074,513.3098922571642,906
2.963498857253698,590.0855826809756,783
2.998839402511144,593.9574217051085,227
2.982294174591767,622.3068064429245,481
2.9801905120183783,560.8584746302068,147
2.9919320367288327,456.84586119835717,14
3.3402224270253886,61.02623720567619,1000
2.983343664816376,553.9170369685262,127
2.9752501886058558,580.8453619803979,162
2.9737120661597825,620.5933616859927,373
2.9697749785721856,629.1372536276397,574
2.9757669555177966,525.1964190949965,218
2.983046606970455,590.8119739184777,861
2.939746965740885,616.7000206617384,339
2.9669288620616823,617.2609175893607,274
2.988652930041604,179.0490959401489,424
2.975537871903114,235.21621962475086,575
2.9957580758544498,702.9911966970944,580
2.964169849090529,629.3047390480237,325
2.987266224123456,617.5390377385535,675
2.9865067470843876,668.6364069563363,621
2.967013368020299,568.6783679956367,120
2.9877086094089917,696.2458170242271,428
2.9499102579929692,588.2618709326792,485
2.994085232440186,645.596523132402,372
2.998420358981427,703.6158355993368,594
2.9848191806808946,624.6750461692528,279
2.95818948931845,641.6390182587534,278
2.9540166670884473,609.8512057870947,300
2.9984120580876352,623.8277333261797,846
2.9832694926221373,683.9074897159746,392
2.9709870005359873,605.5270161083998,394
2.9900263011821475,677.8353616421076,391
2.982110832858841,620.7785072083739,325
2.917237858977304,593.937655395359,282
2.992253215122832,588.1044060342437,198
2.9992681100866214,577.0444148662125,770
2.9749925645100164,574.1855182396982,726
2.983009870524432,623.3928828123547,470
2.9572025680768275,630.5253332925525,231
2.969585128256322,549.9415596230676,226
2.9774478044343424,661.0623953609424,662
2.9666103047949037,587.7093185140031,161
2.997275129505752,622.416679469155,652
2.9747358133752324,712.2723721985262,571
2.970544792739526,533.9756958270742,902
2.9587490190650345,653.1297206052607,374
2.963923062621263,660.7832244011599,363
2.99345122400028,604.1372461114527,784
2.970346034622491,551.6321923168508,731
2.9458476220935363,687.3750151727639,443
2.989945742196165,611.2952231071928,651
2.970443923898848,543.3326589222928,71
2.966409198454034,532.6593928619761,760
2.952034997905027,584.9251729148378,167
2.9823117713935297,606.9981638146717,207
2.981418738571452,625.1245929829768,513
2.9636153151118307,566.9267876183786,314
2.977474898386174,676.0909127342406,327
2.9526937588204576,600.3021242389748,518
2.9676227259099512,641.6578253332198,522
2.998304992636899,451.64905905676005,682
2.9398355117446133,638.8371455194358,383
2.9583203527133577,653.7008034815437,464
2.995837903701676,646.7029826985568,417
2.9988771925881963,677.5374088421826,479
2.9478163945708253,731.935638097134,611
2.972454464249525,536.9419529372792,882
2.967782195428956,684.6171823822933,810
2.999177592322056,542.1028870612838,438
2.9832773929161163,642.8473550154442,426
2.97469934225808,682.3765372042562,667
2.985188412565026,562.2604073154095,264
2.978376802605493,565.7596744362213,887
2.9849309644925377,623.7557595822292,336
2.988275073961702,564.8181631959035,137
2.996292269539689,645.6356502816733,319
2.946004969683904,628.8676740105284,285
2.9910870508330385,621.4715777548674,361
2.990156470600921,599.7441806387371,557
2.9879500154852106,585.336693026392,326
2.9952697884709383,723.0815156760433,493
2.981479930249786,639.2292606539431,336
2.974579189720809,585.5265554857045,135
2.9952805199297736,662.8778164654632,721
2.9723082890896655,659.7281680583136,707
2.9902894380933365,628.7124776414863,282
2.9987344959430655,648.7491042983285,418
2.974377331659101,621.6599676640103,311
2.9518992578248056,673.8041997927334,366
2.99361703355403,405.2264376161231,880
2.9582179736661214,612.1211845179639,983
2.9740730443831565,565.3805922504364,522
2.9994542087994955,626.8582755058259,467
2.976125872801365,566.4765012609207,158
2.9762479215951703,588.7803144497154,142
2.9799106278135343,653.0212037931223,955
2.995556464456277,655.7207023466685,324
2.9568056483415077,630.850249293265,350
2.9897205001169564,659.5641915847616,397
2.990533691801184,520.9815857787778,40
2.9725962909470143,502.84811052099036,456
2.9867334775872685,594.3863638446975,178
2.9846757711474274,551.6404634440299,401
2.947360635526243,690.9226516054924,505
2.975069810173744,540.2122257715058,669
2.986669013042536,635.0911974019579,390
2.9952929530377577,625.9156668005046,850
2.9901941150668483,550.1716830443127,881
6.07920722675658,-136.85353225098137,1000
2.9768601837600577,630.9648035763626,403
2.9495395942115765,568.7605724787521,125
2.961951606685222,657.5770200311854,259
2.9766514554665395,463.99479674834845,652
2.9490381020435144,502.90523036818263,698
2.9632783510059544,533.0239460211643,895
2.93990434734059,515.5306781081073,376
2.9984444140989575,488.1858518463289,725
2.989147955350801,596.5091597212104,320
2.916268276375525,249.59155485620062,426
2.981873030165019,631.2624217118616,387
2.934259205569379,496.0848955160099,300
2.9696288729442473,642.5019639870524,261
2.9925334224652476,731.187152267662,482
2.985233918795852,631.1257584865666,305
2.9909814263591095,608.1963513137808,283
2.955212122013493,600.8765702701002,182
2.978117050752333,513.539223586689,856
2.975421584970606,619.7093967532721,508
2.977805895096946,686.0395721663272,610
2.9938614727428376,480.3145892592455,669
2.9788615504611546,635.6203423589791,380
2.9563819121068073,700.5768448017953,518
3.908126491492858,-17.094039388582804,1000
2.9797282360821087,623.8899981040009,373
2.9923795164162894,600.6133398584834,210
2.9975933072353644,566.3964886960376,313
2.99098601331062,592.9987306234364,619
2.9933976144415815,497.30001998946483,487
2.967080329367345,540.4325298570471,436
2.994482327485733,639.49097350436,410
2.9969505741645173,704.3420181551189,397
2.9841608154169443,493.75879305452304,183
2.9703220748240673,676.6679984060088,448
2.966072423182968,414.55442691353744,413
2.98739722676323,670.2294123070384,443
2.961393798393015,455.6578048146948,138
2.9748193328331856,653.4280193087891,282
2.959642142481843,641.4272302338368,772
2.9812744480353217,655.2802706484783,734
2.9503634452645824,686.4777479562646,435
2.9817446327893626,584.2558769426589,367
3.7560270972863186,-129.3357563884121,1000
2.960591763412344,509.61244973833317,827
2.9900288548330423,549.7542804125454,794
2.9304916049170333,582.7866155999099,322
2.9881617988579383,619.1445974445113,328
2.9681873625129302,647.6037796252101,581
4.532718530371392,-191.44630041626525,1000
2.953400651674191,683.3831174767827,328
2.9915396670316476,542.7468706963018,328
2.9909869041479387,394.9548744692432,892
2.991071145079913,612.2663261039947,885
2.9949702601951644,623.2246554839392,317
2.9823955452322015,588.822210448755,522
2.9927443030445073,656.8859456866771,317
2.9707877577262174,601.4062943681689,385
2.987798530600949,398.22368543888194,952
2.9626758318952997,672.9191060329983,394
2.97303351514506,539.0520327598595,834
2.9664438814794547,485.70156471175216,999
2.9960205467600383,545.0855484971743,881
2.971841606592699,530.3467811463202,392
2.988559698335682,686.6349569927388,545
2.9654100586097667,704.2095290120338,881
2.9771415239662953,509.96283943282145,246
2.9804153780570175,570.8676508158499,690
2.9758860319006035,670.6751298661003,664
2.981550293494561,642.2425806376349,242
2.972876724696705,664.1971257453175,420
2.9702253857934475,648.9910476678431,289
2.955545565555101,637.2770074074908,423
2.9453254142363883,600.6839612116627,367
2.985105308164968,371.8656846427217,248
2.9911516360345316,610.2261888405709,713
2.938735441479853,638.9946146971304,299
2.968402017723853,640.5197467795035,237
4.73357547407836,57.4050765424412,1000
2.979885202890355,545.7070163554297,72
2.9424932348606285,639.9342328180988,347
2.9678178846664314,394.41130015138606,962
2.998327688575052,644.0106129274194,301
2.9913431091455056,444.59625917699066,829
2.927411517050808,561.7855758850632,771
2.9350590752325094,536.5104893054745,811
5.3954817071755174,64.62530370354958,1000
2.982008586918528,470.8434018363704,834
2.9870788171525438,581.0506633808731,251
2.9952717906191753,491.6250360202112,166
2.9889843769241744,645.8073200308074,624
2.957623518033852,510.5087738685127,102
2.980053548228283,640.4229639382842,341
2.977026640331578,622.8809864879506,259
2.946909089089981,690.0956858336276,484
2.9461112010343946,650.3957997760783,267
2.9818051492473936,662.7854053283143,370
2.98992502288164,541.797895582439,696
2.992075029950334,483.1384835282505,944
2.9669217173431592,571.0927380478679,130
2.956357266572177,612.6723607459825,165
2.9898848762890653,478.46465553295565,772
2.9744488377078624,650.5852176237967,418
2.9924918207859736,606.7043736240262,322
2.9213234746913597,657.9503788431898,462
2.9515131055835204,477.25419630611793,948
2.995174201008895,708.4703989224936,387
2.9981145135381335,526.476261883138,728
2.9756867690328304,625.6353394731186,360
2.9955478140286096,578.85853607262,865
2.9898069597219936,607.0080859129471,274
2.9977519635403085,577.0724395842803,307
2.9624527330328108,627.0173308000519,222
2.9999310804026815,637.4076624976487,446
2.9826811139433693,617.5265915017563,200
2.976765260617678,618.2117975120741,833
2.9496805716039023,622.058364425067,885
2.9462192726680394,687.3394614304342,619
2.9808605192289694,509.8079176816986,999
2.9705606066616213,618.9431784747311,427
2.9870886043391254,611.0147970829594,340
2.936287364227896,588.5662065315553,213
2.973928558701512,568.6244415278636,749
2.9892148367036757,673.6525146230024,910
2.9831465472664367,674.9722378352017,505
2.980559415560514,697.2325056320785,559
2.955406642295117,620.2447839812282,286
2.9789172293874544,438.6822120804606,574
2.9635561625178344,671.339932666636,457
2.9537667106828125,616.9515030997073,279
2.9536460319367537,670.6664290716334,473
2.9465301975983555,724.1104101405281,598
2.95152819576498,653.0401825751287,320
2.9818690801517493,520.929122709584,959
2.953386675360077,511.55625410495855,454
2.9676067309584324,548.8945146118058,79
2.949651235405307,568.1539495694534,405
2.939822305594509,484.15573121837934,991
2.970025416226854,448.45987196664134,911
2.9903449275251446,624.0453663039541,412
2.999347929181951,627.4437422049584,361
2.9942216702801394,551.7439022998193,207
2.94563959062204,676.3454472187019,295
2.9887016254978374,655.8546984933721,443
2.9839561444588885,479.0427501332493,245
2.94488774739075,597.8248562013434,235
2.9836945913536734,586.5939217395401,869
2.9364900162071277,541.4194323177388,151
2.939375965100062,533.706213981601,451
2.9761925870074815,654.6877353865483,756
2.97236818272527,670.14206979105,648
2.9819633727187127,596.7073137718672,562
2.9973507826701473,427.4086071438909,891
2.990013743539612,362.37520038530806,729
2.980923651312781,579.2796034735608,182
2.953534482219188,660.0925224923038,755
2.9537414604764405,658.9923893649188,449
2.978935981440493,686.4253415040549,395
2.971868770022199,525.4498231380737,654
2.9708193302067376,651.7699977615197,318
2.9898455612577983,601.5054583255903,243
2.966341003042795,611.0516090246747,609
2.930450521673516,642.7304662733413,399
2.9913360506095286,683.3331433709682,612
2.9692768547332427,629.2078202338857,399
2.9948371706881396,496.7318498461349,892
2.981646673492431,631.3325919650837,481
2.9665663769363664,683.1077879104589,451
2.959423836933623,500.02513207961357,957
2.9790742594758184,640.8665749612546,468
2.9547570169869104,640.4389190578629,241
2.9703558721625183,618.1957412568546,939
2.9980581170002565,530.3737461638954,258
2.989305024440391,702.9626421563266,655
2.9350787282812556,707.4688514602041,620
2.9351082830471067,664.949150868407,340
2.986879701993112,677.3967683061005,725
2.9902251352227363,572.9456615578995,229
2.9508509550088626,574.3990572759853,156
2.9912803413042615,593.1806942778477,254
2.9912997369815417,530.2806000762479,383
2.982389602154235,645.8575755732943,273
2.962645439225303,633.0509040955714,281
2.996465249722539,650.8270506307454,587
2.9728320448449383,639.1337267274379,546
2.9879333706320983,752.764337082059,575
2.977442775617402,597.5500622871537,952
2.9803706511122408,696.3297225335966,739
2.9832289544868225,631.9392558071763,239
2.9900280998695528,635.7974211583909,475
2.9835186766893873,635.02617055551,458
2.993503418177069,640.1968135786325,255
2.9792624550659657,649.5043671223157,447
2.9940655249661186,644.1381008915517,347
2.9609018966299243,574.9594832758571,773
2.9728611659142326,540.9419306611537,154
2.9995575145578828,675.1267293359359,289
2.978272675200024,480.9194310043135,954
2.9949208201888506,650.6927701229781,336
2.975139574467577,596.4304300486996,471
2.9760434847473074,602.6249560093918,836
2.9706541041022487,668.8152739433461,316
2.9458463949896023,506.91583345751695,580
2.961026407976369,675.3835100438569,359
4.222898965094579,-378.0467629345644,476
2.9728340237762043,494.7564176498998,853
2.974614527904074,529.2013053853995,140
2.999264713862211,548.6746181099327,972
2.9756084546610655,537.427700125758,314
2.990807935253513,581.4891968374621,432
2.990436368124924,695.4685186474873,642
2.9708498732601973,631.18436413949,973
2.9946336898214385,655.5857603879477,309
2.997725530810597,680.9792470983572,356
2.9792514020437566,683.2277030431026,897
2.9958067622153526,673.6590714691464,641
2.9894685915252435,699.5517097047621,819
2.9747655450118935,690.4074218347907,453
2.9943729104064785,664.4000322214613,807
2.955388098505134,651.0110384938307,338
2.990978044589884,668.8245581581948,877
2.9152403008641636,652.8605798429112,426
2.9897223204914183,620.6758153777457,340
4.354075552380815,66.26589650123054,1000
2.9828619762361233,629.0726728119411,477
2.9667074307625536,545.6922807837061,993
2.9908131045379402,642.4234970465828,272
2.9854859370746216,600.4054732370619,640
2.984650694265911,691.6435400394996,361
2.9551699818976265,670.666130301313,347
2.9607534217542675,645.7149345293942,515
2.964092423595732,454.23628456894545,287
2.959286306616336,602.1680053352488,875
2.9113103457191944,656.4455033929852,517
2.9901437465201055,499.7488217022369,132
2.9803258658577327,619.6880397470575,281
2.9602482324563466,612.5663624056978,417
2.9796323459173424,590.9835338568002,346
2.973766989181398,543.6939939573609,319
2.991032593999186,574.0945792556051,173
2.996902920839362,700.8275075722643,600
2.971688670226771,544.7722012317895,809
2.996797061906596,679.0444843106186,383
2.9802907327150456,627.690494320777,362
2.9931295699569684,513.758817789394,710
2.980223036709115,575.6642500568291,553
2.9819914485419523,673.7678329180185,410
2.9639564825477525,613.538605547539,752
2.9862117630204983,665.519555005933,340
2.9804617724617612,626.9008297023314,765
2.9882266595061986,601.9695937183708,558
2.9850816045054245,649.0752560340921,274
2.975197854771145,628.5917712995558,872
2.975639473163738,607.0895078257491,240
2.9487113646042427,697.9668128289431,383
2.9934440014740793,652.6878785397505,500
2.9747179900990046,597.0340350195139,706
2.9911015988346628,641.3061221871823,401
2.9990552773366135,585.7724733589016,654
2.997628991872903,686.6404860825301,361
2.9747431034341374,641.2108997484198,376
2.9881762462248824,559.8781323829508,792
2.9943298572568673,687.9457338334456,462
2.982951864319298,514.2316038493375,941
2.9590135407028524,587.2501279153184,866
2.9985744595043857,528.1154456770663,337
2.9751182171866235,645.3771747559139,371
2.9808872574436034,636.5112267474177,506
2.9533267303698922,461.1134014477041,423
2.9430066945516273,371.0785438238979,800
2.9736118960908695,675.2684040643871,345
2.9765520232160565,648.5456112723539,287
2.9875915002467828,645.4632301671876,300
2.9798259082784786,568.4217477685597,109
2.995310704918052,612.6959816237055,879
2.9918747042289326,664.172793829922,303
2.9485084968355473,607.4319692866578,302
2.960290687787696,593.892832870306,432
2.936192321512085,571.3094369442458,268
2.9716014600101235,663.1606254549988,449
2.9726899562708065,588.4705531061002,335
2.9993450209336765,564.1394117159139,317
2.9870907754212532,582.5666471751795,236
2.9896100119052726,642.7838058421984,350
2.994778911881748,478.917125171567,828
2.970417914005303,509.82345411932965,689
2.9969729448475455,552.7976098726746,980
2.9679000293051727,597.7033889029949,698
2.99795569302596,685.884967715248,328
2.956790597448595,622.9750835765175,284
2.986411417772351,590.4962117230443,868
2.9203292758998787,630.1943085089507,297
2.9575679889846946,554.3187367822038,289
2.98563312429848,639.9498521870469,256
2.9607160734726787,676.1416857272374,399
2.987293037144059,614.1539037806655,738
2.9519539284617244,647.3787480510898,347
2.971201708247818,569.6339445382628,763
2.9312755238571335,667.1026554304921,318
2.9509714446358557,496.0588789003175,154
2.9668697909049353,680.8801360936088,538
2.973393693421268,590.014246437542,339
2.9956519156765804,687.2866701010719,442
2.960931437080846,654.8629885790795,254
2.954719712333951,627.0949984819933,421
2.9991270448417997,658.9125618251519,346
2.9572978175266673,611.6692291942436,583
2.995322026011732,598.1944835003243,190
2.9912152275514714,575.5247433781072,117
2.9918965362267924,496.1390360114173,629
2.9913343748391528,635.1837746582162,299
2.9995328648333395,599.4348760687384,254
3.035824390017225,-78.14937810754105,1000
2.957196679047288,597.444354477439,489
2.971584890484224,503.87402913374183,333
2.9342819836619363,651.8905607628705,327
2.985105844560942,647.5191554021865,365
3.3257008463951867,80.76001416573945,1000
2.987793284422757,575.7250268700592,99
2.9512580217550184,588.7965480903844,219
2.925786488529881,594.7184011086443,995
2.983387349076892,534.0164618010393,792
2.998581716776716,673.8749756312043,309
2.995024668071519,627.5338885938892,557
2.992210338712055,665.1846804756415,703
2.9954664988333897,577.0882775670227,981
2.972663660759122,708.2263208914294,461
2.9779984442576484,525.9452382212548,785
2.949844303151806,515.866132821461,47
2.9385265675184122,644.8649513809762,365
2.9882396343503723,600.2046961300631,453
2.997585515057209,670.3739273524918,660
2.9704374300614775,677.8893351638484,481
2.947985304496552,652.3539816452953,732
2.976141095403952,572.7860223691673,394
2.9460356004549664,572.4750195227939,233
2.9525386542699796,560.4154740061858,356
2.9584112808945493,540.047942992626,51
2.9674902170928728,207.80137485696923,615
2.948797733734904,433.18986173841813,787
2.986008570855779,593.1621126000473,486
2.9873222917430557,602.4238357276323,157
2.9616539288030403,622.7527828778648,492
2.9937355057369226,704.6519623132697,477
2.96500282327675,653.1940568836462,797
2.995015545482619,658.2943681736898,730
2.973736609695427,689.8593000101674,679
2.9936453048141156,673.217139687386,830
2.983371724519733,672.6964573864452,610
2.9572862758717826,556.0562864467122,537
2.999951069293484,634.3667215734207,315
2.9863928425911968,457.7909203415777,937
2.97871049555475,558.3589142977353,613
2.9878369073165545,613.9839127705893,421
2.9617028055862202,688.8721202082518,518
3.4993176154709955,110.73149520714789,1000
2.9728216068947417,595.0831093153415,342
2.982368211068288,574.3329913231029,438
2.9765227809641064,684.0542048785136,444
2.997141271628802,581.3523530963505,482
2.9748911162753346,611.8375663756154,277
2.991510016343677,678.6882061306303,478
2.952699185983551,527.7882117105623,783
2.947188056833328,624.759362521853,412
2.9924751166404704,592.7359558404469,337
2.976870940665396,499.67118351979474,452
2.9791807261235417,344.1361088148532,957
2.976488403258216,604.61049865739,586
2.9255948874772315,657.8345032511162,284
2.9617854727882125,572.6873716319448,889
2.954044707178029,630.5754364148307,255
2.9323760490682123,642.2645894780803,405
2.9848073367509405,595.4120948188454,154
2.9967728516704355,615.5410733252745,359
2.9969095842059583,615.0817687442124,819
2.988550799680684,627.2519873770675,635
2.9654788049539147,616.4360267155204,213
2.9677592212357484,603.7867368690778,458
2.949012845631784,656.2479835349865,501
5.163691415528917,60.057438915885285,1000
2.982734232131051,641.9939123683345,260
2.9632794220827234,683.5433141724834,628
2.994812310598285,542.3124914177312,879
2.9717612000563407,615.2415940550775,638
2.985765925355644,464.11222135131834,339
2.9592091193583077,626.5462781483219,281
